Running 1m test @ http://10.15.224.38:8080/v2/
  2 threads and 100 connections
  Thread calibration: mean lat.: 62.233ms, rate sampling interval: 183ms
  Thread calibration: mean lat.: 69.792ms, rate sampling interval: 187ms
  Thread Stats   Avg      Stdev     Max   +/- Stdev
    Latency   524.88ms  271.96ms   1.09s    53.87%
    Req/Sec     1.23k    83.62     1.47k    64.55%
  Latency Distribution (HdrHistogram - Recorded Latency)
 50.000%  546.82ms
 75.000%  759.81ms
 90.000%  892.41ms
 99.000%  978.94ms
 99.900%    1.03s 
 99.990%    1.08s 
 99.999%    1.09s 
100.000%    1.10s 

  Detailed Percentile spectrum:
       Value   Percentile   TotalCount 1/(1-Percentile)

      54.079     0.000000            1         1.00
     150.911     0.100000        12220         1.11
     213.631     0.200000        24444         1.25
     348.927     0.300000        36650         1.43
     432.895     0.400000        48857         1.67
     546.815     0.500000        61112         2.00
     592.383     0.550000        67217         2.22
     633.343     0.600000        73326         2.50
     675.839     0.650000        79377         2.86
     720.895     0.700000        85524         3.33
     759.807     0.750000        91588         4.00
     782.335     0.775000        94665         4.44
     804.863     0.800000        97699         5.00
     829.439     0.825000       100778         5.71
     853.503     0.850000       103879         6.67
     876.031     0.875000       106896         8.00
     884.735     0.887500       108442         8.89
     892.415     0.900000       109921        10.00
     900.095     0.912500       111481        11.43
     909.823     0.925000       113020        13.33
     919.039     0.937500       114521        16.00
     923.647     0.943750       115320        17.78
     928.255     0.950000       116025        20.00
     932.863     0.956250       116795        22.86
     936.959     0.962500       117566        26.67
     942.591     0.968750       118336        32.00
     946.687     0.971875       118731        35.56
     950.783     0.975000       119110        40.00
     955.391     0.978125       119454        45.71
     961.023     0.981250       119826        53.33
     967.167     0.984375       120231        64.00
     970.239     0.985938       120420        71.11
     973.823     0.987500       120622        80.00
     977.407     0.989062       120797        91.43
     981.503     0.990625       120968       106.67
     987.135     0.992188       121172       128.00
     990.719     0.992969       121262       142.22
     994.815     0.993750       121359       160.00
     998.399     0.994531       121445       182.86
    1001.983     0.995313       121544       213.33
    1006.591     0.996094       121638       256.00
    1009.151     0.996484       121689       284.44
    1010.687     0.996875       121737       320.00
    1013.247     0.997266       121790       365.71
    1014.783     0.997656       121833       426.67
    1017.855     0.998047       121877       512.00
    1019.391     0.998242       121898       568.89
    1021.951     0.998437       121923       640.00
    1025.023     0.998633       121946       731.43
    1028.095     0.998828       121971       853.33
    1032.191     0.999023       121996      1024.00
    1034.239     0.999121       122005      1137.78
    1037.823     0.999219       122018      1280.00
    1040.895     0.999316       122029      1462.86
    1046.527     0.999414       122042      1706.67
    1050.623     0.999512       122056      2048.00
    1051.647     0.999561       122061      2275.56
    1053.695     0.999609       122065      2560.00
    1057.791     0.999658       122071      2925.71
    1062.911     0.999707       122079      3413.33
    1065.983     0.999756       122086      4096.00
    1065.983     0.999780       122086      4551.11
    1069.055     0.999805       122090      5120.00
    1074.175     0.999829       122093      5851.43
    1076.223     0.999854       122095      6826.67
    1080.319     0.999878       122098      8192.00
    1082.367     0.999890       122099      9102.22
    1085.439     0.999902       122101     10240.00
    1086.463     0.999915       122102     11702.86
    1088.511     0.999927       122105     13653.33
    1088.511     0.999939       122105     16384.00
    1090.559     0.999945       122107     18204.44
    1090.559     0.999951       122107     20480.00
    1090.559     0.999957       122107     23405.71
    1091.583     0.999963       122108     27306.67
    1092.607     0.999969       122109     32768.00
    1092.607     0.999973       122109     36408.89
    1093.631     0.999976       122111     40960.00
    1093.631     0.999979       122111     46811.43
    1093.631     0.999982       122111     54613.33
    1093.631     0.999985       122111     65536.00
    1093.631     0.999986       122111     72817.78
    1093.631     0.999988       122111     81920.00
    1093.631     0.999989       122111     93622.86
    1093.631     0.999991       122111    109226.67
    1095.679     0.999992       122112    131072.00
    1095.679     1.000000       122112          inf
#[Mean    =      524.876, StdDeviation   =      271.963]
#[Max     =     1094.656, Total count    =       122112]
#[Buckets =           27, SubBuckets     =         2048]
----------------------------------------------------------
  146183 requests in 1.00m, 24.95MB read
Requests/sec:   2436.27
Transfer/sec:    425.84KB
