Running 1m test @ http://10.15.224.38:8080/v2/
  2 threads and 100 connections
   Thread calibration: mean lat.: 80.760ms, rate sampling interval: 286ms
  Thread calibration: mean lat.: 80.619ms, rate sampling interval: 285ms
  Thread Stats   Avg      Stdev     Max   +/- Stdev
    Latency   923.82ms  427.51ms   1.74s    59.77%
    Req/Sec     1.21k    59.36     1.39k    66.28%
  Latency Distribution (HdrHistogram - Recorded Latency)
 50.000%  936.45ms
 75.000%    1.27s 
 90.000%    1.55s 
 99.000%    1.69s 
 99.900%    1.72s 
 99.990%    1.73s 
 99.999%    1.74s 
100.000%    1.74s 

  Detailed Percentile spectrum:
       Value   Percentile   TotalCount 1/(1-Percentile)

     181.631     0.000000            2         1.00
     358.399     0.100000        12086         1.11
     499.967     0.200000        24154         1.25
     621.567     0.300000        36233         1.43
     808.447     0.400000        48296         1.67
     936.447     0.500000        60365         2.00
     978.431     0.550000        66401         2.22
    1044.991     0.600000        72426         2.50
    1099.775     0.650000        78493         2.86
    1215.487     0.700000        84525         3.33
    1268.735     0.750000        90633         4.00
    1297.407     0.775000        93578         4.44
    1367.039     0.800000        96574         5.00
    1412.095     0.825000        99611         5.71
    1442.815     0.850000       102638         6.67
    1488.895     0.875000       105595         8.00
    1527.807     0.887500       107099         8.89
    1550.335     0.900000       108625        10.00
    1568.767     0.912500       110190        11.43
    1582.079     0.925000       111632        13.33
    1594.367     0.937500       113163        16.00
    1601.535     0.943750       113971        17.78
    1608.703     0.950000       114656        20.00
    1619.967     0.956250       115455        22.86
    1632.255     0.962500       116153        26.67
    1646.591     0.968750       116957        32.00
    1652.735     0.971875       117305        35.56
    1658.879     0.975000       117701        40.00
    1665.023     0.978125       118119        45.71
    1670.143     0.981250       118438        53.33
    1676.287     0.984375       118840        64.00
    1678.335     0.985938       118979        71.11
    1681.407     0.987500       119173        80.00
    1685.503     0.989062       119401        91.43
    1688.575     0.990625       119580       106.67
    1691.647     0.992188       119742       128.00
    1693.695     0.992969       119852       142.22
    1695.743     0.993750       119941       160.00
    1698.815     0.994531       120057       182.86
    1699.839     0.995313       120108       213.33
    1702.911     0.996094       120226       256.00
    1703.935     0.996484       120258       284.44
    1705.983     0.996875       120320       320.00
    1707.007     0.997266       120352       365.71
    1709.055     0.997656       120408       426.67
    1711.103     0.998047       120460       512.00
    1711.103     0.998242       120460       568.89
    1713.151     0.998437       120496       640.00
    1714.175     0.998633       120518       731.43
    1715.199     0.998828       120532       853.33
    1717.247     0.999023       120561      1024.00
    1718.271     0.999121       120572      1137.78
    1719.295     0.999219       120591      1280.00
    1719.295     0.999316       120591      1462.86
    1721.343     0.999414       120608      1706.67
    1722.367     0.999512       120621      2048.00
    1722.367     0.999561       120621      2275.56
    1723.391     0.999609       120627      2560.00
    1724.415     0.999658       120632      2925.71
    1725.439     0.999707       120639      3413.33
    1726.463     0.999756       120643      4096.00
    1727.487     0.999780       120648      4551.11
    1728.511     0.999805       120650      5120.00
    1729.535     0.999829       120657      5851.43
    1729.535     0.999854       120657      6826.67
    1730.559     0.999878       120659      8192.00
    1730.559     0.999890       120659      9102.22
    1732.607     0.999902       120662     10240.00
    1732.607     0.999915       120662     11702.86
    1733.631     0.999927       120667     13653.33
    1733.631     0.999939       120667     16384.00
    1733.631     0.999945       120667     18204.44
    1733.631     0.999951       120667     20480.00
    1733.631     0.999957       120667     23405.71
    1734.655     0.999963       120668     27306.67
    1736.703     0.999969       120670     32768.00
    1736.703     0.999973       120670     36408.89
    1736.703     0.999976       120670     40960.00
    1736.703     0.999979       120670     46811.43
    1736.703     0.999982       120670     54613.33
    1739.775     0.999985       120671     65536.00
    1739.775     0.999986       120671     72817.78
    1739.775     0.999988       120671     81920.00
    1739.775     0.999989       120671     93622.86
    1739.775     0.999991       120671    109226.67
    1740.799     0.999992       120672    131072.00
    1740.799     1.000000       120672          inf
#[Mean    =      923.819, StdDeviation   =      427.505]
#[Max     =     1739.776, Total count    =       120672]
#[Buckets =           27, SubBuckets     =         2048]
----------------------------------------------------------
  145527 requests in 1.00m, 24.84MB read
Requests/sec:   2425.35
Transfer/sec:    423.95KB
