Running 1m test @ http://10.15.224.38:8080/v2/
  2 threads and 100 connections
  Thread calibration: mean lat.: 127.421ms, rate sampling interval: 387ms
  Thread calibration: mean lat.: 126.563ms, rate sampling interval: 383ms
  Thread Stats   Avg      Stdev     Max   +/- Stdev
    Latency   705.92ms  345.95ms   1.38s    56.66%
    Req/Sec     1.22k    51.14     1.36k    67.32%
  Latency Distribution (HdrHistogram - Recorded Latency)
 50.000%  701.44ms
 75.000%    1.01s 
 90.000%    1.19s 
 99.000%    1.31s 
 99.900%    1.34s 
 99.990%    1.36s 
 99.999%    1.38s 
100.000%    1.38s 

  Detailed Percentile spectrum:
       Value   Percentile   TotalCount 1/(1-Percentile)

     173.823     0.000000            2         1.00
     254.719     0.100000        12195         1.11
     322.047     0.200000        24323         1.25
     424.191     0.300000        36507         1.43
     567.807     0.400000        48647         1.67
     701.439     0.500000        60799         2.00
     785.919     0.550000        66907         2.22
     838.655     0.600000        72989         2.50
     908.799     0.650000        79051         2.86
     968.191     0.700000        85159         3.33
    1005.567     0.750000        91262         4.00
    1023.999     0.775000        94279         4.44
    1046.527     0.800000        97319         5.00
    1079.295     0.825000       100385         5.71
    1110.015     0.850000       103367         6.67
    1140.735     0.875000       106418         8.00
    1161.215     0.887500       107955         8.89
    1193.983     0.900000       109462        10.00
    1220.607     0.912500       110976        11.43
    1238.015     0.925000       112580        13.33
    1250.303     0.937500       114017        16.00
    1256.447     0.943750       114832        17.78
    1262.591     0.950000       115570        20.00
    1268.735     0.956250       116363        22.86
    1274.879     0.962500       117140        26.67
    1279.999     0.968750       117824        32.00
    1283.071     0.971875       118186        35.56
    1287.167     0.975000       118611        40.00
    1291.263     0.978125       119014        45.71
    1295.359     0.981250       119407        53.33
    1298.431     0.984375       119698        64.00
    1301.503     0.985938       119972        71.11
    1303.551     0.987500       120120        80.00
    1306.623     0.989062       120312        91.43
    1309.695     0.990625       120506       106.67
    1312.767     0.992188       120665       128.00
    1314.815     0.992969       120762       142.22
    1317.887     0.993750       120875       160.00
    1319.935     0.994531       120963       182.86
    1321.983     0.995313       121035       213.33
    1325.055     0.996094       121134       256.00
    1327.103     0.996484       121192       284.44
    1328.127     0.996875       121225       320.00
    1330.175     0.997266       121282       365.71
    1332.223     0.997656       121329       426.67
    1335.295     0.998047       121379       512.00
    1336.319     0.998242       121402       568.89
    1337.343     0.998437       121413       640.00
    1339.391     0.998633       121439       731.43
    1340.415     0.998828       121460       853.33
    1343.487     0.999023       121484      1024.00
    1344.511     0.999121       121498      1137.78
    1345.535     0.999219       121508      1280.00
    1347.583     0.999316       121514      1462.86
    1348.607     0.999414       121526      1706.67
    1350.655     0.999512       121540      2048.00
    1351.679     0.999561       121547      2275.56
    1352.703     0.999609       121557      2560.00
    1352.703     0.999658       121557      2925.71
    1353.727     0.999707       121565      3413.33
    1354.751     0.999756       121567      4096.00
    1356.799     0.999780       121571      4551.11
    1357.823     0.999805       121576      5120.00
    1357.823     0.999829       121576      5851.43
    1359.871     0.999854       121580      6826.67
    1360.895     0.999878       121582      8192.00
    1361.919     0.999890       121584      9102.22
    1362.943     0.999902       121585     10240.00
    1364.991     0.999915       121586     11702.86
    1367.039     0.999927       121588     13653.33
    1368.063     0.999939       121589     16384.00
    1369.087     0.999945       121590     18204.44
    1370.111     0.999951       121591     20480.00
    1370.111     0.999957       121591     23405.71
    1371.135     0.999963       121592     27306.67
    1375.231     0.999969       121593     32768.00
    1375.231     0.999973       121593     36408.89
    1376.255     0.999976       121594     40960.00
    1376.255     0.999979       121594     46811.43
    1376.255     0.999982       121594     54613.33
    1377.279     0.999985       121595     65536.00
    1377.279     0.999986       121595     72817.78
    1377.279     0.999988       121595     81920.00
    1377.279     0.999989       121595     93622.86
    1377.279     0.999991       121595    109226.67
    1379.327     0.999992       121596    131072.00
    1379.327     1.000000       121596          inf
#[Mean    =      705.924, StdDeviation   =      345.952]
#[Max     =     1378.304, Total count    =       121596]
#[Buckets =           27, SubBuckets     =         2048]
----------------------------------------------------------
  146451 requests in 1.00m, 25.00MB read
Requests/sec:   2440.72
Transfer/sec:    426.64KB
