Running 1m test @ http://10.15.224.38:8080/v2/
  2 threads and 100 connections
  Thread calibration: mean lat.: 94.457ms, rate sampling interval: 315ms
  Thread calibration: mean lat.: 94.945ms, rate sampling interval: 316ms
  Thread Stats   Avg      Stdev     Max   +/- Stdev
    Latency   460.52ms  223.83ms   1.05s    68.44%
    Req/Sec     1.23k    56.15     1.37k    70.06%
  Latency Distribution (HdrHistogram - Recorded Latency)
 50.000%  383.23ms
 75.000%  604.67ms
 90.000%  850.43ms
 99.000%  979.46ms
 99.900%    1.02s 
 99.990%    1.04s 
 99.999%    1.05s 
100.000%    1.05s 

  Detailed Percentile spectrum:
       Value   Percentile   TotalCount 1/(1-Percentile)

     140.927     0.000000            1         1.00
     232.063     0.100000        12236         1.11
     272.639     0.200000        24506         1.25
     313.599     0.300000        36672         1.43
     342.015     0.400000        48944         1.67
     383.231     0.500000        61157         2.00
     405.759     0.550000        67226         2.22
     462.591     0.600000        73352         2.50
     487.679     0.650000        79482         2.86
     535.551     0.700000        85571         3.33
     604.671     0.750000        91662         4.00
     649.215     0.775000        94733         4.44
     692.223     0.800000        97765         5.00
     712.191     0.825000       100887         5.71
     731.135     0.850000       103915         6.67
     778.751     0.875000       106948         8.00
     808.447     0.887500       108462         8.89
     850.431     0.900000       109993        10.00
     877.055     0.912500       111514        11.43
     893.951     0.925000       113054        13.33
     909.311     0.937500       114621        16.00
     916.479     0.943750       115357        17.78
     923.135     0.950000       116126        20.00
     929.279     0.956250       116880        22.86
     935.935     0.962500       117647        26.67
     942.079     0.968750       118391        32.00
     946.175     0.971875       118800        35.56
     949.759     0.975000       119151        40.00
     954.367     0.978125       119548        45.71
     959.999     0.981250       119949        53.33
     965.119     0.984375       120310        64.00
     968.703     0.985938       120505        71.11
     972.287     0.987500       120681        80.00
     976.383     0.989062       120871        91.43
     981.503     0.990625       121069       106.67
     986.111     0.992188       121263       128.00
     989.183     0.992969       121356       142.22
     992.255     0.993750       121448       160.00
     995.839     0.994531       121548       182.86
     999.423     0.995313       121635       213.33
    1003.007     0.996094       121731       256.00
    1005.055     0.996484       121780       284.44
    1006.591     0.996875       121825       320.00
    1008.639     0.997266       121873       365.71
    1011.711     0.997656       121934       426.67
    1014.783     0.998047       121976       512.00
    1015.807     0.998242       121992       568.89
    1017.855     0.998437       122019       640.00
    1019.903     0.998633       122042       731.43
    1021.951     0.998828       122063       853.33
    1024.511     0.999023       122092      1024.00
    1025.535     0.999121       122104      1137.78
    1026.559     0.999219       122114      1280.00
    1027.583     0.999316       122123      1462.86
    1029.119     0.999414       122135      1706.67
    1031.167     0.999512       122148      2048.00
    1032.191     0.999561       122153      2275.56
    1033.727     0.999609       122161      2560.00
    1035.263     0.999658       122167      2925.71
    1036.287     0.999707       122171      3413.33
    1038.847     0.999756       122180      4096.00
    1038.847     0.999780       122180      4551.11
    1040.383     0.999805       122184      5120.00
    1040.895     0.999829       122187      5851.43
    1042.431     0.999854       122192      6826.67
    1042.431     0.999878       122192      8192.00
    1042.943     0.999890       122195      9102.22
    1042.943     0.999902       122195     10240.00
    1043.455     0.999915       122196     11702.86
    1043.967     0.999927       122198     13653.33
    1044.479     0.999939       122201     16384.00
    1044.479     0.999945       122201     18204.44
    1044.479     0.999951       122201     20480.00
    1044.479     0.999957       122201     23405.71
    1044.991     0.999963       122202     27306.67
    1047.551     0.999969       122203     32768.00
    1047.551     0.999973       122203     36408.89
    1048.063     0.999976       122204     40960.00
    1048.063     0.999979       122204     46811.43
    1048.063     0.999982       122204     54613.33
    1048.575     0.999985       122205     65536.00
    1048.575     0.999986       122205     72817.78
    1048.575     0.999988       122205     81920.00
    1048.575     0.999989       122205     93622.86
    1048.575     0.999991       122205    109226.67
    1053.695     0.999992       122206    131072.00
    1053.695     1.000000       122206          inf
#[Mean    =      460.524, StdDeviation   =      223.830]
#[Max     =     1052.672, Total count    =       122206]
#[Buckets =           27, SubBuckets     =         2048]
----------------------------------------------------------
  147193 requests in 1.00m, 25.13MB read
Requests/sec:   2453.31
Transfer/sec:    428.84KB
