Running 1m test @ http://10.15.224.38:8080/v2/
  2 threads and 100 connections
  Thread calibration: mean lat.: 107.823ms, rate sampling interval: 389ms
  Thread calibration: mean lat.: 110.212ms, rate sampling interval: 390ms
  Thread Stats   Avg      Stdev     Max   +/- Stdev
    Latency   811.90ms  319.04ms   1.53s    61.38%
    Req/Sec     1.22k    53.22     1.36k    67.72%
  Latency Distribution (HdrHistogram - Recorded Latency)
 50.000%  772.61ms
 75.000%    1.09s 
 90.000%    1.28s 
 99.000%    1.42s 
 99.900%    1.49s 
 99.990%    1.53s 
 99.999%    1.53s 
100.000%    1.54s 

  Detailed Percentile spectrum:
       Value   Percentile   TotalCount 1/(1-Percentile)

     200.575     0.000000            1         1.00
     396.287     0.100000        12147         1.11
     516.863     0.200000        24293         1.25
     614.399     0.300000        36526         1.43
     682.495     0.400000        48641         1.67
     772.607     0.500000        60737         2.00
     816.127     0.550000        66815         2.22
     868.863     0.600000        72910         2.50
     940.031     0.650000        78962         2.86
    1014.271     0.700000        85029         3.33
    1085.439     0.750000        91095         4.00
    1114.111     0.775000        94111         4.44
    1141.759     0.800000        97193         5.00
    1171.455     0.825000       100216         5.71
    1217.535     0.850000       103223         6.67
    1254.399     0.875000       106301         8.00
    1267.711     0.887500       107846         8.89
    1279.999     0.900000       109295        10.00
    1291.263     0.912500       110856        11.43
    1304.575     0.925000       112394        13.33
    1319.935     0.937500       113845        16.00
    1329.151     0.943750       114687        17.78
    1337.343     0.950000       115434        20.00
    1346.559     0.956250       116156        22.86
    1356.799     0.962500       116880        26.67
    1369.087     0.968750       117679        32.00
    1375.231     0.971875       118055        35.56
    1382.399     0.975000       118437        40.00
    1388.543     0.978125       118789        45.71
    1395.711     0.981250       119159        53.33
    1402.879     0.984375       119570        64.00
    1406.975     0.985938       119753        71.11
    1410.047     0.987500       119920        80.00
    1414.143     0.989062       120124        91.43
    1419.263     0.990625       120308       106.67
    1425.407     0.992188       120491       128.00
    1428.479     0.992969       120585       142.22
    1432.575     0.993750       120687       160.00
    1436.671     0.994531       120768       182.86
    1441.791     0.995313       120876       213.33
    1446.911     0.996094       120957       256.00
    1449.983     0.996484       121016       284.44
    1454.079     0.996875       121058       320.00
    1459.199     0.997266       121104       365.71
    1465.343     0.997656       121147       426.67
    1471.487     0.998047       121196       512.00
    1474.559     0.998242       121220       568.89
    1479.679     0.998437       121248       640.00
    1483.775     0.998633       121265       731.43
    1488.895     0.998828       121289       853.33
    1495.039     0.999023       121312      1024.00
    1498.111     0.999121       121327      1137.78
    1501.183     0.999219       121336      1280.00
    1504.255     0.999316       121351      1462.86
    1506.303     0.999414       121359      1706.67
    1512.447     0.999512       121373      2048.00
    1514.495     0.999561       121386      2275.56
    1514.495     0.999609       121386      2560.00
    1515.519     0.999658       121389      2925.71
    1518.591     0.999707       121395      3413.33
    1521.663     0.999756       121401      4096.00
    1522.687     0.999780       121407      4551.11
    1522.687     0.999805       121407      5120.00
    1523.711     0.999829       121411      5851.43
    1525.759     0.999854       121415      6826.67
    1526.783     0.999878       121420      8192.00
    1526.783     0.999890       121420      9102.22
    1526.783     0.999902       121420     10240.00
    1526.783     0.999915       121420     11702.86
    1527.807     0.999927       121423     13653.33
    1527.807     0.999939       121423     16384.00
    1529.855     0.999945       121424     18204.44
    1530.879     0.999951       121425     20480.00
    1530.879     0.999957       121425     23405.71
    1532.927     0.999963       121426     27306.67
    1533.951     0.999969       121429     32768.00
    1533.951     0.999973       121429     36408.89
    1533.951     0.999976       121429     40960.00
    1533.951     0.999979       121429     46811.43
    1533.951     0.999982       121429     54613.33
    1533.951     0.999985       121429     65536.00
    1533.951     0.999986       121429     72817.78
    1533.951     0.999988       121429     81920.00
    1533.951     0.999989       121429     93622.86
    1533.951     0.999991       121429    109226.67
    1535.999     0.999992       121430    131072.00
    1535.999     1.000000       121430          inf
#[Mean    =      811.899, StdDeviation   =      319.036]
#[Max     =     1534.976, Total count    =       121430]
#[Buckets =           27, SubBuckets     =         2048]
----------------------------------------------------------
  146228 requests in 1.00m, 24.96MB read
Requests/sec:   2437.14
Transfer/sec:    426.02KB
