Running 1m test @ http://10.15.224.38:8080/v2/
  2 threads and 100 connections
  Thread calibration: mean lat.: 154.839ms, rate sampling interval: 556ms
  Thread calibration: mean lat.: 154.881ms, rate sampling interval: 556ms
  Thread Stats   Avg      Stdev     Max   +/- Stdev
    Latency     1.04s   413.53ms   1.81s    54.04%
    Req/Sec     1.22k    49.44     1.33k    74.72%
  Latency Distribution (HdrHistogram - Recorded Latency)
 50.000%    1.08s 
 75.000%    1.39s 
 90.000%    1.56s 
 99.000%    1.69s 
 99.900%    1.74s 
 99.990%    1.78s 
 99.999%    1.80s 
100.000%    1.81s 

  Detailed Percentile spectrum:
       Value   Percentile   TotalCount 1/(1-Percentile)

     282.367     0.000000            2         1.00
     435.455     0.100000        12084         1.11
     590.847     0.200000        24248         1.25
     658.943     0.300000        36260         1.43
     947.711     0.400000        48325         1.67
    1081.343     0.500000        60456         2.00
    1172.479     0.550000        66469         2.22
    1252.351     0.600000        72522         2.50
    1309.695     0.650000        78533         2.86
    1345.535     0.700000        84633         3.33
    1386.495     0.750000        90619         4.00
    1412.095     0.775000        93621         4.44
    1448.959     0.800000        96672         5.00
    1481.727     0.825000        99689         5.71
    1508.351     0.850000       102725         6.67
    1533.951     0.875000       105779         8.00
    1545.215     0.887500       107277         8.89
    1558.527     0.900000       108768        10.00
    1571.839     0.912500       110295        11.43
    1591.295     0.925000       111777        13.33
    1608.703     0.937500       113283        16.00
    1617.919     0.943750       114032        17.78
    1626.111     0.950000       114803        20.00
    1635.327     0.956250       115548        22.86
    1644.543     0.962500       116273        26.67
    1653.759     0.968750       117082        32.00
    1657.855     0.971875       117428        35.56
    1662.975     0.975000       117840        40.00
    1667.071     0.978125       118178        45.71
    1671.167     0.981250       118541        53.33
    1676.287     0.984375       118929        64.00
    1679.359     0.985938       119110        71.11
    1683.455     0.987500       119319        80.00
    1687.551     0.989062       119488        91.43
    1692.671     0.990625       119670       106.67
    1698.815     0.992188       119859       128.00
    1701.887     0.992969       119964       142.22
    1704.959     0.993750       120065       160.00
    1709.055     0.994531       120162       182.86
    1712.127     0.995313       120240       213.33
    1717.247     0.996094       120352       256.00
    1718.271     0.996484       120380       284.44
    1721.343     0.996875       120442       320.00
    1723.391     0.997266       120474       365.71
    1726.463     0.997656       120526       426.67
    1730.559     0.998047       120574       512.00
    1732.607     0.998242       120592       568.89
    1734.655     0.998437       120615       640.00
    1737.727     0.998633       120642       731.43
    1739.775     0.998828       120664       853.33
    1741.823     0.999023       120684      1024.00
    1742.847     0.999121       120693      1137.78
    1744.895     0.999219       120708      1280.00
    1745.919     0.999316       120719      1462.86
    1748.991     0.999414       120730      1706.67
    1752.063     0.999512       120741      2048.00
    1754.111     0.999561       120746      2275.56
    1755.135     0.999609       120751      2560.00
    1757.183     0.999658       120757      2925.71
    1760.255     0.999707       120764      3413.33
    1763.327     0.999756       120769      4096.00
    1767.423     0.999780       120772      4551.11
    1770.495     0.999805       120776      5120.00
    1771.519     0.999829       120778      5851.43
    1773.567     0.999854       120781      6826.67
    1776.639     0.999878       120785      8192.00
    1776.639     0.999890       120785      9102.22
    1779.711     0.999902       120787     10240.00
    1781.759     0.999915       120789     11702.86
    1786.879     0.999927       120791     13653.33
    1786.879     0.999939       120791     16384.00
    1787.903     0.999945       120792     18204.44
    1789.951     0.999951       120793     20480.00
    1789.951     0.999957       120793     23405.71
    1791.999     0.999963       120795     27306.67
    1791.999     0.999969       120795     32768.00
    1791.999     0.999973       120795     36408.89
    1797.119     0.999976       120796     40960.00
    1797.119     0.999979       120796     46811.43
    1797.119     0.999982       120796     54613.33
    1799.167     0.999985       120797     65536.00
    1799.167     0.999986       120797     72817.78
    1799.167     0.999988       120797     81920.00
    1799.167     0.999989       120797     93622.86
    1799.167     0.999991       120797    109226.67
    1807.359     0.999992       120798    131072.00
    1807.359     1.000000       120798          inf
#[Mean    =     1036.817, StdDeviation   =      413.528]
#[Max     =     1806.336, Total count    =       120798]
#[Buckets =           27, SubBuckets     =         2048]
----------------------------------------------------------
  145400 requests in 1.00m, 24.82MB read
Requests/sec:   2423.25
Transfer/sec:    423.58KB
