Running 1m test @ http://10.15.224.38:8080/v2/
  2 threads and 100 connections
  Thread calibration: mean lat.: 72.859ms, rate sampling interval: 265ms
  Thread calibration: mean lat.: 72.914ms, rate sampling interval: 268ms
  Thread Stats   Avg      Stdev     Max   +/- Stdev
    Latency   509.58ms  230.24ms 963.07ms   56.34%
    Req/Sec     1.23k    63.99     1.40k    62.37%
  Latency Distribution (HdrHistogram - Recorded Latency)
 50.000%  496.38ms
 75.000%  719.36ms
 90.000%  838.66ms
 99.000%  899.58ms
 99.900%  931.33ms
 99.990%  953.85ms
 99.999%  961.53ms
100.000%  963.58ms

  Detailed Percentile spectrum:
       Value   Percentile   TotalCount 1/(1-Percentile)

     121.407     0.000000            1         1.00
     190.847     0.100000        12286         1.11
     275.199     0.200000        24530         1.25
     373.759     0.300000        36803         1.43
     422.143     0.400000        49092         1.67
     496.383     0.500000        61341         2.00
     521.215     0.550000        67472         2.22
     560.639     0.600000        73574         2.50
     606.207     0.650000        79742         2.86
     652.287     0.700000        85845         3.33
     719.359     0.750000        91957         4.00
     752.639     0.775000        95051         4.44
     780.799     0.800000        98098         5.00
     800.767     0.825000       101192         5.71
     815.103     0.850000       104264         6.67
     827.391     0.875000       107381         8.00
     833.023     0.887500       108878         8.89
     838.655     0.900000       110482        10.00
     844.287     0.912500       111972        11.43
     849.919     0.925000       113439        13.33
     856.063     0.937500       114949        16.00
     859.647     0.943750       115718        17.78
     863.231     0.950000       116549        20.00
     867.327     0.956250       117336        22.86
     871.423     0.962500       118080        26.67
     875.519     0.968750       118779        32.00
     878.591     0.971875       119210        35.56
     881.151     0.975000       119573        40.00
     883.711     0.978125       119924        45.71
     887.295     0.981250       120358        53.33
     890.879     0.984375       120714        64.00
     892.927     0.985938       120902        71.11
     895.487     0.987500       121105        80.00
     898.047     0.989062       121284        91.43
     900.607     0.990625       121456       106.67
     904.191     0.992188       121661       128.00
     905.727     0.992969       121769       142.22
     907.263     0.993750       121837       160.00
     909.823     0.994531       121947       182.86
     911.871     0.995313       122040       213.33
     914.431     0.996094       122128       256.00
     916.479     0.996484       122179       284.44
     918.015     0.996875       122222       320.00
     919.551     0.997266       122273       365.71
     922.111     0.997656       122327       426.67
     924.159     0.998047       122364       512.00
     925.183     0.998242       122389       568.89
     926.719     0.998437       122418       640.00
     928.255     0.998633       122439       731.43
     930.303     0.998828       122463       853.33
     931.839     0.999023       122493      1024.00
     932.351     0.999121       122502      1137.78
     932.863     0.999219       122510      1280.00
     933.887     0.999316       122521      1462.86
     935.423     0.999414       122535      1706.67
     936.447     0.999512       122547      2048.00
     936.959     0.999561       122551      2275.56
     938.495     0.999609       122558      2560.00
     939.007     0.999658       122562      2925.71
     939.519     0.999707       122568      3413.33
     941.055     0.999756       122574      4096.00
     942.079     0.999780       122577      4551.11
     945.151     0.999805       122580      5120.00
     946.687     0.999829       122584      5851.43
     949.247     0.999854       122586      6826.67
     952.831     0.999878       122589      8192.00
     953.343     0.999890       122590      9102.22
     955.391     0.999902       122592     10240.00
     956.927     0.999915       122593     11702.86
     957.439     0.999927       122595     13653.33
     957.951     0.999939       122596     16384.00
     959.487     0.999945       122597     18204.44
     959.999     0.999951       122598     20480.00
     959.999     0.999957       122598     23405.71
     960.511     0.999963       122601     27306.67
     960.511     0.999969       122601     32768.00
     960.511     0.999973       122601     36408.89
     960.511     0.999976       122601     40960.00
     960.511     0.999979       122601     46811.43
     960.511     0.999982       122601     54613.33
     961.535     0.999985       122602     65536.00
     961.535     0.999986       122602     72817.78
     961.535     0.999988       122602     81920.00
     961.535     0.999989       122602     93622.86
     961.535     0.999991       122602    109226.67
     963.583     0.999992       122603    131072.00
     963.583     1.000000       122603          inf
#[Mean    =      509.577, StdDeviation   =      230.242]
#[Max     =      963.072, Total count    =       122603]
#[Buckets =           27, SubBuckets     =         2048]
----------------------------------------------------------
  147507 requests in 1.00m, 25.18MB read
Requests/sec:   2458.37
Transfer/sec:    429.72KB
