Running 1m test @ http://10.15.224.38:8080/v2/
  2 threads and 100 connections
  Thread calibration: mean lat.: 154.043ms, rate sampling interval: 489ms
  Thread calibration: mean lat.: 153.358ms, rate sampling interval: 484ms
  Thread Stats   Avg      Stdev     Max   +/- Stdev
    Latency     1.20s   603.49ms   2.38s    59.20%
    Req/Sec     1.20k    54.15     1.33k    79.31%
  Latency Distribution (HdrHistogram - Recorded Latency)
 50.000%    1.18s 
 75.000%    1.65s 
 90.000%    2.09s 
 99.000%    2.29s 
 99.900%    2.33s 
 99.990%    2.37s 
 99.999%    2.38s 
100.000%    2.38s 

  Detailed Percentile spectrum:
       Value   Percentile   TotalCount 1/(1-Percentile)

     188.927     0.000000            1         1.00
     353.535     0.100000        11946         1.11
     567.295     0.200000        23888         1.25
     749.055     0.300000        35813         1.43
     987.135     0.400000        47744         1.67
    1176.575     0.500000        59729         2.00
    1316.863     0.550000        65629         2.22
    1410.047     0.600000        71647         2.50
    1491.967     0.650000        77602         2.86
    1564.671     0.700000        83570         3.33
    1652.735     0.750000        89493         4.00
    1744.895     0.775000        92488         4.44
    1789.951     0.800000        95512         5.00
    1842.175     0.825000        98468         5.71
    1929.215     0.850000       101456         6.67
    2037.759     0.875000       104411         8.00
    2072.575     0.887500       105923         8.89
    2093.055     0.900000       107475        10.00
    2111.487     0.912500       108966        11.43
    2131.967     0.925000       110492        13.33
    2154.495     0.937500       111880        16.00
    2170.879     0.943750       112628        17.78
    2191.359     0.950000       113397        20.00
    2209.791     0.956250       114127        22.86
    2226.175     0.962500       114908        26.67
    2240.511     0.968750       115615        32.00
    2248.703     0.971875       115991        35.56
    2256.895     0.975000       116398        40.00
    2263.039     0.978125       116718        45.71
    2271.231     0.981250       117210        53.33
    2277.375     0.984375       117540        64.00
    2279.423     0.985938       117647        71.11
    2283.519     0.987500       117860        80.00
    2287.615     0.989062       118043        91.43
    2293.759     0.990625       118254       106.67
    2299.903     0.992188       118443       128.00
    2301.951     0.992969       118509       142.22
    2303.999     0.993750       118581       160.00
    2308.095     0.994531       118702       182.86
    2312.191     0.995313       118810       213.33
    2314.239     0.996094       118865       256.00
    2316.287     0.996484       118907       284.44
    2318.335     0.996875       118957       320.00
    2320.383     0.997266       119012       365.71
    2324.479     0.997656       119073       426.67
    2326.527     0.998047       119107       512.00
    2328.575     0.998242       119143       568.89
    2328.575     0.998437       119143       640.00
    2330.623     0.998633       119167       731.43
    2332.671     0.998828       119190       853.33
    2334.719     0.999023       119208      1024.00
    2336.767     0.999121       119223      1137.78
    2338.815     0.999219       119241      1280.00
    2340.863     0.999316       119251      1462.86
    2342.911     0.999414       119258      1706.67
    2347.007     0.999512       119269      2048.00
    2349.055     0.999561       119276      2275.56
    2351.103     0.999609       119283      2560.00
    2353.151     0.999658       119289      2925.71
    2355.199     0.999707       119294      3413.33
    2357.247     0.999756       119298      4096.00
    2357.247     0.999780       119298      4551.11
    2359.295     0.999805       119301      5120.00
    2363.391     0.999829       119307      5851.43
    2363.391     0.999854       119307      6826.67
    2365.439     0.999878       119310      8192.00
    2367.487     0.999890       119312      9102.22
    2369.535     0.999902       119315     10240.00
    2369.535     0.999915       119315     11702.86
    2371.583     0.999927       119317     13653.33
    2371.583     0.999939       119317     16384.00
    2373.631     0.999945       119318     18204.44
    2375.679     0.999951       119320     20480.00
    2375.679     0.999957       119320     23405.71
    2375.679     0.999963       119320     27306.67
    2377.727     0.999969       119321     32768.00
    2377.727     0.999973       119321     36408.89
    2379.775     0.999976       119323     40960.00
    2379.775     0.999979       119323     46811.43
    2379.775     0.999982       119323     54613.33
    2379.775     0.999985       119323     65536.00
    2379.775     0.999986       119323     72817.78
    2379.775     0.999988       119323     81920.00
    2379.775     0.999989       119323     93622.86
    2379.775     0.999991       119323    109226.67
    2383.871     0.999992       119324    131072.00
    2383.871     1.000000       119324          inf
#[Mean    =     1199.344, StdDeviation   =      603.488]
#[Max     =     2381.824, Total count    =       119324]
#[Buckets =           27, SubBuckets     =         2048]
----------------------------------------------------------
  144075 requests in 1.00m, 24.59MB read
Requests/sec:   2401.25
Transfer/sec:    419.74KB
