Running 1m test @ http://10.15.224.38:8080/v2/
  2 threads and 100 connections
  Thread calibration: mean lat.: 165.700ms, rate sampling interval: 508ms
  Thread calibration: mean lat.: 165.006ms, rate sampling interval: 503ms
  Thread Stats   Avg      Stdev     Max   +/- Stdev
    Latency     1.16s   502.72ms   2.13s    57.98%
    Req/Sec     1.21k    43.04     1.32k    68.72%
  Latency Distribution (HdrHistogram - Recorded Latency)
 50.000%    1.22s 
 75.000%    1.56s 
 90.000%    1.84s 
 99.000%    2.03s 
 99.900%    2.09s 
 99.990%    2.12s 
 99.999%    2.13s 
100.000%    2.13s 

  Detailed Percentile spectrum:
       Value   Percentile   TotalCount 1/(1-Percentile)

     220.543     0.000000            1         1.00
     476.927     0.100000        12018         1.11
     631.295     0.200000        23990         1.25
     844.799     0.300000        35981         1.43
    1022.975     0.400000        47953         1.67
    1216.511     0.500000        59996         2.00
    1271.807     0.550000        65970         2.22
    1349.631     0.600000        71994         2.50
    1419.263     0.650000        77950         2.86
    1502.207     0.700000        83992         3.33
    1557.503     0.750000        89921         4.00
    1609.727     0.775000        92908         4.44
    1676.287     0.800000        95965         5.00
    1718.271     0.825000        98918         5.71
    1754.111     0.850000       101950         6.67
    1793.023     0.875000       104889         8.00
    1816.575     0.887500       106398         8.89
    1841.151     0.900000       107903        10.00
    1864.703     0.912500       109406        11.43
    1887.231     0.925000       110924        13.33
    1908.735     0.937500       112383        16.00
    1919.999     0.943750       113149        17.78
    1932.287     0.950000       113924        20.00
    1944.575     0.956250       114671        22.86
    1958.911     0.962500       115427        26.67
    1973.247     0.968750       116151        32.00
    1981.439     0.971875       116547        35.56
    1988.607     0.975000       116889        40.00
    1996.799     0.978125       117254        45.71
    2006.015     0.981250       117634        53.33
    2016.255     0.984375       118037        64.00
    2021.375     0.985938       118228        71.11
    2025.471     0.987500       118376        80.00
    2031.615     0.989062       118588        91.43
    2036.735     0.990625       118776       106.67
    2041.855     0.992188       118938       128.00
    2044.927     0.992969       119032       142.22
    2049.023     0.993750       119129       160.00
    2054.143     0.994531       119227       182.86
    2059.263     0.995313       119336       213.33
    2063.359     0.996094       119427       256.00
    2065.407     0.996484       119469       284.44
    2067.455     0.996875       119505       320.00
    2070.527     0.997266       119556       365.71
    2073.599     0.997656       119598       426.67
    2077.695     0.998047       119638       512.00
    2080.767     0.998242       119670       568.89
    2082.815     0.998437       119693       640.00
    2084.863     0.998633       119713       731.43
    2086.911     0.998828       119733       853.33
    2091.007     0.999023       119760      1024.00
    2093.055     0.999121       119776      1137.78
    2094.079     0.999219       119783      1280.00
    2097.151     0.999316       119793      1462.86
    2101.247     0.999414       119812      1706.67
    2103.295     0.999512       119819      2048.00
    2105.343     0.999561       119823      2275.56
    2107.391     0.999609       119827      2560.00
    2111.487     0.999658       119845      2925.71
    2111.487     0.999707       119845      3413.33
    2111.487     0.999756       119845      4096.00
    2113.535     0.999780       119848      4551.11
    2115.583     0.999805       119852      5120.00
    2115.583     0.999829       119852      5851.43
    2117.631     0.999854       119857      6826.67
    2119.679     0.999878       119865      8192.00
    2119.679     0.999890       119865      9102.22
    2119.679     0.999902       119865     10240.00
    2119.679     0.999915       119865     11702.86
    2119.679     0.999927       119865     13653.33
    2119.679     0.999939       119865     16384.00
    2121.727     0.999945       119867     18204.44
    2121.727     0.999951       119867     20480.00
    2121.727     0.999957       119867     23405.71
    2123.775     0.999963       119869     27306.67
    2123.775     0.999969       119869     32768.00
    2123.775     0.999973       119869     36408.89
    2125.823     0.999976       119871     40960.00
    2125.823     0.999979       119871     46811.43
    2125.823     0.999982       119871     54613.33
    2125.823     0.999985       119871     65536.00
    2125.823     0.999986       119871     72817.78
    2125.823     0.999988       119871     81920.00
    2125.823     0.999989       119871     93622.86
    2125.823     0.999991       119871    109226.67
    2129.919     0.999992       119872    131072.00
    2129.919     1.000000       119872          inf
#[Mean    =     1161.879, StdDeviation   =      502.719]
#[Max     =     2127.872, Total count    =       119872]
#[Buckets =           27, SubBuckets     =         2048]
----------------------------------------------------------
  144593 requests in 1.00m, 24.68MB read
Requests/sec:   2409.42
Transfer/sec:    421.17KB
