Running 1m test @ http://10.15.224.38:8080/v2/
  2 threads and 30 connections
  Thread calibration: mean lat.: 21.323ms, rate sampling interval: 69ms
  Thread calibration: mean lat.: 21.567ms, rate sampling interval: 71ms
  Thread Stats   Avg      Stdev     Max   +/- Stdev
    Latency   492.39ms  243.12ms 843.26ms   50.83%
    Req/Sec     1.26k   148.70     1.64k    66.50%
  Latency Distribution (HdrHistogram - Recorded Latency)
 50.000%  527.36ms
 75.000%  727.55ms
 90.000%  787.46ms
 99.000%  820.22ms
 99.900%  833.53ms
 99.990%  841.73ms
 99.999%  843.26ms
100.000%  843.78ms

  Detailed Percentile spectrum:
       Value   Percentile   TotalCount 1/(1-Percentile)

       0.568     0.000000            1         1.00
     164.607     0.100000        12463         1.11
     231.551     0.200000        24939         1.25
     269.311     0.300000        37386         1.43
     429.567     0.400000        49834         1.67
     527.359     0.500000        62384         2.00
     553.983     0.550000        68521         2.22
     633.855     0.600000        74777         2.50
     661.503     0.650000        81011         2.86
     693.247     0.700000        87277         3.33
     727.551     0.750000        93463         4.00
     744.959     0.775000        96616         4.44
     755.199     0.800000        99766         5.00
     764.927     0.825000       102775         5.71
     775.167     0.850000       106060         6.67
     781.823     0.875000       109046         8.00
     784.895     0.887500       110566         8.89
     787.455     0.900000       112141        10.00
     790.015     0.912500       113754        11.43
     793.087     0.925000       115218        13.33
     797.695     0.937500       116905        16.00
     799.743     0.943750       117679        17.78
     801.791     0.950000       118458        20.00
     803.839     0.956250       119247        22.86
     805.887     0.962500       119926        26.67
     808.959     0.968750       120749        32.00
     810.495     0.971875       121188        35.56
     811.519     0.975000       121459        40.00
     813.055     0.978125       121839        45.71
     815.103     0.981250       122311        53.33
     816.639     0.984375       122634        64.00
     817.663     0.985938       122854        71.11
     818.687     0.987500       123045        80.00
     819.711     0.989062       123225        91.43
     820.735     0.990625       123392       106.67
     822.271     0.992188       123604       128.00
     823.295     0.992969       123713       142.22
     824.319     0.993750       123831       160.00
     824.831     0.994531       123884       182.86
     825.855     0.995313       123983       213.33
     826.879     0.996094       124085       256.00
     827.391     0.996484       124129       284.44
     827.903     0.996875       124170       320.00
     828.927     0.997266       124236       365.71
     829.439     0.997656       124261       426.67
     830.463     0.998047       124308       512.00
     831.487     0.998242       124354       568.89
     831.999     0.998437       124374       640.00
     832.511     0.998633       124398       731.43
     833.023     0.998828       124412       853.33
     833.535     0.999023       124430      1024.00
     834.559     0.999121       124452      1137.78
     835.071     0.999219       124463      1280.00
     835.583     0.999316       124473      1462.86
     836.095     0.999414       124482      1706.67
     836.607     0.999512       124491      2048.00
     837.119     0.999561       124500      2275.56
     837.631     0.999609       124509      2560.00
     837.631     0.999658       124509      2925.71
     838.143     0.999707       124514      3413.33
     839.167     0.999756       124524      4096.00
     839.167     0.999780       124524      4551.11
     839.679     0.999805       124526      5120.00
     840.703     0.999829       124532      5851.43
     840.703     0.999854       124532      6826.67
     841.215     0.999878       124536      8192.00
     841.727     0.999890       124539      9102.22
     841.727     0.999902       124539     10240.00
     842.239     0.999915       124542     11702.86
     842.239     0.999927       124542     13653.33
     842.751     0.999939       124547     16384.00
     842.751     0.999945       124547     18204.44
     842.751     0.999951       124547     20480.00
     842.751     0.999957       124547     23405.71
     842.751     0.999963       124547     27306.67
     842.751     0.999969       124547     32768.00
     842.751     0.999973       124547     36408.89
     842.751     0.999976       124547     40960.00
     843.263     0.999979       124549     46811.43
     843.263     0.999982       124549     54613.33
     843.263     0.999985       124549     65536.00
     843.263     0.999986       124549     72817.78
     843.263     0.999988       124549     81920.00
     843.263     0.999989       124549     93622.86
     843.263     0.999991       124549    109226.67
     843.775     0.999992       124550    131072.00
     843.775     1.000000       124550          inf
#[Mean    =      492.394, StdDeviation   =      243.119]
#[Max     =      843.264, Total count    =       124550]
#[Buckets =           27, SubBuckets     =         2048]
----------------------------------------------------------
  149533 requests in 1.00m, 25.39MB read
Requests/sec:   2491.91
Transfer/sec:    433.30KB
