Running 1m test @ http://10.15.224.38:8080/v2/
  2 threads and 5 connections
  Thread calibration: mean lat.: 141.299ms, rate sampling interval: 561ms
  Thread calibration: mean lat.: 141.524ms, rate sampling interval: 562ms
  Thread Stats   Avg      Stdev     Max   +/- Stdev
    Latency     1.45s     1.20s    4.02s    78.10%
    Req/Sec     1.16k    77.65     1.31k    66.10%
  Latency Distribution (HdrHistogram - Recorded Latency)
 50.000%  939.01ms
 75.000%    2.48s 
 90.000%    3.43s 
 99.000%    3.97s 
 99.900%    4.02s 
 99.990%    4.02s 
 99.999%    4.02s 
100.000%    4.02s 

  Detailed Percentile spectrum:
       Value   Percentile   TotalCount 1/(1-Percentile)

     259.455     0.000000            1         1.00
     340.735     0.100000        11592         1.11
     361.727     0.200000        23204         1.25
     402.943     0.300000        34764         1.43
     589.311     0.400000        46329         1.67
     939.007     0.500000        57911         2.00
    1156.095     0.550000        63682         2.22
    1332.223     0.600000        69464         2.50
    1766.399     0.650000        75283         2.86
    2129.919     0.700000        81090         3.33
    2476.031     0.750000        86830         4.00
    2607.103     0.775000        89720         4.44
    2783.231     0.800000        92671         5.00
    2963.455     0.825000        95520         5.71
    3123.199     0.850000        98402         6.67
    3264.511     0.875000       101303         8.00
    3336.191     0.887500       102752         8.89
    3430.399     0.900000       104211        10.00
    3516.415     0.912500       105636        11.43
    3586.047     0.925000       107107        13.33
    3661.823     0.937500       108559        16.00
    3694.591     0.943750       109277        17.78
    3733.503     0.950000       109984        20.00
    3760.127     0.956250       110862        22.86
    3792.895     0.962500       111458        26.67
    3829.759     0.968750       112170        32.00
    3864.575     0.971875       112555        35.56
    3887.103     0.975000       112933        40.00
    3891.199     0.978125       113326        45.71
    3919.871     0.981250       113619        53.33
    3942.399     0.984375       114087        64.00
    3944.447     0.985938       114141        71.11
    3952.639     0.987500       114352        80.00
    3962.879     0.989062       114505        91.43
    3977.215     0.990625       114698       106.67
    3987.455     0.992188       114876       128.00
    3989.503     0.992969       114963       142.22
    3991.551     0.993750       115044       160.00
    3999.743     0.994531       115135       182.86
    4005.887     0.995313       115249       213.33
    4009.983     0.996094       115329       256.00
    4014.079     0.996484       115411       284.44
    4014.079     0.996875       115411       320.00
    4016.127     0.997266       115509       365.71
    4016.127     0.997656       115509       426.67
    4018.175     0.998047       115685       512.00
    4018.175     0.998242       115685       568.89
    4018.175     0.998437       115685       640.00
    4018.175     0.998633       115685       731.43
    4018.175     0.998828       115685       853.33
    4018.175     0.999023       115685      1024.00
    4018.175     0.999121       115685      1137.78
    4018.175     0.999219       115685      1280.00
    4020.223     0.999316       115752      1462.86
    4020.223     0.999414       115752      1706.67
    4020.223     0.999512       115752      2048.00
    4020.223     0.999561       115752      2275.56
    4020.223     0.999609       115752      2560.00
    4020.223     0.999658       115752      2925.71
    4020.223     0.999707       115752      3413.33
    4020.223     0.999756       115752      4096.00
    4020.223     0.999780       115752      4551.11
    4020.223     0.999805       115752      5120.00
    4020.223     0.999829       115752      5851.43
    4020.223     0.999854       115752      6826.67
    4020.223     0.999878       115752      8192.00
    4022.271     0.999890       115765      9102.22
    4022.271     1.000000       115765          inf
#[Mean    =     1450.595, StdDeviation   =     1198.440]
#[Max     =     4020.224, Total count    =       115765]
#[Buckets =           27, SubBuckets     =         2048]
----------------------------------------------------------
  139932 requests in 1.00m, 23.75MB read
Requests/sec:   2331.89
Transfer/sec:    405.35KB
