Running 1m test @ http://10.15.224.38:8080/v2/
  2 threads and 90 connections
  Thread calibration: mean lat.: 39.825ms, rate sampling interval: 115ms
  Thread calibration: mean lat.: 39.909ms, rate sampling interval: 115ms
  Thread Stats   Avg      Stdev     Max   +/- Stdev
    Latency    97.57ms   33.30ms 182.91ms   62.10%
    Req/Sec     1.25k   120.07     1.56k    72.97%
  Latency Distribution (HdrHistogram - Recorded Latency)
 50.000%  103.55ms
 75.000%  123.33ms
 90.000%  137.85ms
 99.000%  161.02ms
 99.900%  171.65ms
 99.990%  177.79ms
 99.999%  181.63ms
100.000%  183.04ms

  Detailed Percentile spectrum:
       Value   Percentile   TotalCount 1/(1-Percentile)

      13.447     0.000000            1         1.00
      49.503     0.100000        12429         1.11
      62.079     0.200000        24890         1.25
      76.415     0.300000        37305         1.43
      92.927     0.400000        49716         1.67
     103.551     0.500000        62160         2.00
     107.711     0.550000        68343         2.22
     111.743     0.600000        74580         2.50
     115.647     0.650000        80857         2.86
     119.487     0.700000        87018         3.33
     123.327     0.750000        93204         4.00
     125.375     0.775000        96302         4.44
     127.423     0.800000        99416         5.00
     129.663     0.825000       102549         5.71
     132.095     0.850000       105694         6.67
     134.783     0.875000       108764         8.00
     136.319     0.887500       110400         8.89
     137.855     0.900000       111883        10.00
     139.647     0.912500       113429        11.43
     141.567     0.925000       114955        13.33
     143.743     0.937500       116499        16.00
     145.023     0.943750       117268        17.78
     146.431     0.950000       118091        20.00
     147.967     0.956250       118873        22.86
     149.631     0.962500       119593        26.67
     151.551     0.968750       120382        32.00
     152.575     0.971875       120769        35.56
     153.727     0.975000       121152        40.00
     154.879     0.978125       121535        45.71
     156.415     0.981250       121960        53.33
     157.823     0.984375       122326        64.00
     158.591     0.985938       122519        71.11
     159.487     0.987500       122732        80.00
     160.383     0.989062       122905        91.43
     161.535     0.990625       123101       106.67
     162.687     0.992188       123295       128.00
     163.327     0.992969       123384       142.22
     164.095     0.993750       123483       160.00
     164.607     0.994531       123582       182.86
     165.631     0.995313       123669       213.33
     166.527     0.996094       123768       256.00
     167.039     0.996484       123824       284.44
     167.551     0.996875       123869       320.00
     168.063     0.997266       123926       365.71
     168.447     0.997656       123968       426.67
     169.215     0.998047       124009       512.00
     169.599     0.998242       124036       568.89
     169.983     0.998437       124056       640.00
     170.751     0.998633       124084       731.43
     171.263     0.998828       124105       853.33
     171.775     0.999023       124131      1024.00
     172.031     0.999121       124144      1137.78
     172.287     0.999219       124155      1280.00
     172.671     0.999316       124167      1462.86
     173.055     0.999414       124180      1706.67
     173.823     0.999512       124191      2048.00
     174.207     0.999561       124196      2275.56
     174.335     0.999609       124204      2560.00
     174.591     0.999658       124208      2925.71
     175.103     0.999707       124216      3413.33
     175.359     0.999756       124220      4096.00
     175.999     0.999780       124224      4551.11
     176.127     0.999805       124226      5120.00
     176.511     0.999829       124229      5851.43
     177.023     0.999854       124232      6826.67
     177.151     0.999878       124235      8192.00
     177.663     0.999890       124237      9102.22
     177.791     0.999902       124239     10240.00
     177.919     0.999915       124243     11702.86
     177.919     0.999927       124243     13653.33
     177.919     0.999939       124243     16384.00
     178.047     0.999945       124244     18204.44
     178.047     0.999951       124244     20480.00
     178.431     0.999957       124245     23405.71
     178.559     0.999963       124246     27306.67
     179.967     0.999969       124247     32768.00
     179.967     0.999973       124247     36408.89
     179.967     0.999976       124247     40960.00
     180.991     0.999979       124248     46811.43
     180.991     0.999982       124248     54613.33
     181.631     0.999985       124249     65536.00
     181.631     0.999986       124249     72817.78
     181.631     0.999988       124249     81920.00
     181.631     0.999989       124249     93622.86
     181.631     0.999991       124249    109226.67
     183.039     0.999992       124250    131072.00
     183.039     1.000000       124250          inf
#[Mean    =       97.575, StdDeviation   =       33.298]
#[Max     =      182.912, Total count    =       124250]
#[Buckets =           27, SubBuckets     =         2048]
----------------------------------------------------------
  149484 requests in 1.00m, 25.51MB read
Requests/sec:   2491.40
Transfer/sec:    435.42KB
