Running 1m test @ http://10.15.224.38:8080/v2/
  2 threads and 100 connections
  Thread calibration: mean lat.: 1.484ms, rate sampling interval: 10ms
  Thread calibration: mean lat.: 1.470ms, rate sampling interval: 10ms
  Thread Stats   Avg      Stdev     Max   +/- Stdev
    Latency     1.71ms    1.38ms  29.26ms   95.57%
    Req/Sec    52.74     94.52   777.00     77.73%
  Latency Distribution (HdrHistogram - Recorded Latency)
 50.000%    1.53ms
 75.000%    1.99ms
 90.000%    2.53ms
 99.000%    5.20ms
 99.900%   23.28ms
 99.990%   29.28ms
 99.999%   29.28ms
100.000%   29.28ms

  Detailed Percentile spectrum:
       Value   Percentile   TotalCount 1/(1-Percentile)

       0.191     0.000000            1         1.00
       0.835     0.100000          492         1.11
       1.057     0.200000          981         1.25
       1.220     0.300000         1472         1.43
       1.377     0.400000         1961         1.67
       1.535     0.500000         2454         2.00
       1.618     0.550000         2698         2.22
       1.695     0.600000         2942         2.50
       1.786     0.650000         3189         2.86
       1.880     0.700000         3430         3.33
       1.990     0.750000         3676         4.00
       2.055     0.775000         3800         4.44
       2.125     0.800000         3920         5.00
       2.203     0.825000         4043         5.71
       2.271     0.850000         4166         6.67
       2.395     0.875000         4288         8.00
       2.451     0.887500         4350         8.89
       2.529     0.900000         4410        10.00
       2.601     0.912500         4474        11.43
       2.701     0.925000         4535        13.33
       2.829     0.937500         4594        16.00
       2.889     0.943750         4626        17.78
       2.979     0.950000         4655        20.00
       3.069     0.956250         4686        22.86
       3.175     0.962500         4717        26.67
       3.321     0.968750         4747        32.00
       3.417     0.971875         4764        35.56
       3.493     0.975000         4778        40.00
       3.631     0.978125         4793        45.71
       3.885     0.981250         4809        53.33
       4.187     0.984375         4824        64.00
       4.383     0.985938         4832        71.11
       4.519     0.987500         4839        80.00
       5.019     0.989062         4847        91.43
       5.479     0.990625         4856       106.67
       5.751     0.992188         4862       128.00
       6.175     0.992969         4866       142.22
       7.083     0.993750         4870       160.00
       7.951     0.994531         4874       182.86
       9.231     0.995313         4878       213.33
      10.087     0.996094         4881       256.00
      11.879     0.996484         4883       284.44
      13.263     0.996875         4885       320.00
      15.359     0.997266         4887       365.71
      15.695     0.997656         4889       426.67
      18.079     0.998047         4891       512.00
      18.575     0.998242         4892       568.89
      19.167     0.998437         4893       640.00
      19.743     0.998633         4894       731.43
      23.279     0.998828         4895       853.33
      23.711     0.999023         4896      1024.00
      23.711     0.999121         4896      1137.78
      24.815     0.999219         4897      1280.00
      24.815     0.999316         4897      1462.86
      26.639     0.999414         4898      1706.67
      26.639     0.999512         4898      2048.00
      26.639     0.999561         4898      2275.56
      28.271     0.999609         4899      2560.00
      28.271     0.999658         4899      2925.71
      28.271     0.999707         4899      3413.33
      28.271     0.999756         4899      4096.00
      28.271     0.999780         4899      4551.11
      29.279     0.999805         4900      5120.00
      29.279     1.000000         4900          inf
#[Mean    =        1.712, StdDeviation   =        1.381]
#[Max     =       29.264, Total count    =         4900]
#[Buckets =           27, SubBuckets     =         2048]
----------------------------------------------------------
  6002 requests in 1.00m, 756.11KB read
Requests/sec:    100.03
Transfer/sec:     12.60KB
