Running 1m test @ http://10.15.224.38:8080/v2/
  2 threads and 100 connections
  Thread calibration: mean lat.: 1.400ms, rate sampling interval: 10ms
  Thread calibration: mean lat.: 1.428ms, rate sampling interval: 10ms
  Thread Stats   Avg      Stdev     Max   +/- Stdev
    Latency     1.58ms    1.07ms  14.85ms   89.65%
    Req/Sec    52.54     94.47   555.00     77.83%
  Latency Distribution (HdrHistogram - Recorded Latency)
 50.000%    1.38ms
 75.000%    1.82ms
 90.000%    2.42ms
 99.000%    6.16ms
 99.900%   13.03ms
 99.990%   14.85ms
 99.999%   14.85ms
100.000%   14.85ms

  Detailed Percentile spectrum:
       Value   Percentile   TotalCount 1/(1-Percentile)

       0.143     0.000000            1         1.00
       0.727     0.100000          490         1.11
       0.940     0.200000          981         1.25
       1.103     0.300000         1470         1.43
       1.242     0.400000         1962         1.67
       1.379     0.500000         2450         2.00
       1.452     0.550000         2695         2.22
       1.531     0.600000         2941         2.50
       1.610     0.650000         3189         2.86
       1.700     0.700000         3431         3.33
       1.823     0.750000         3675         4.00
       1.890     0.775000         3800         4.44
       1.970     0.800000         3920         5.00
       2.059     0.825000         4047         5.71
       2.157     0.850000         4167         6.67
       2.279     0.875000         4288         8.00
       2.341     0.887500         4350         8.89
       2.423     0.900000         4410        10.00
       2.553     0.912500         4473        11.43
       2.689     0.925000         4534        13.33
       2.861     0.937500         4594        16.00
       3.001     0.943750         4625        17.78
       3.111     0.950000         4655        20.00
       3.293     0.956250         4686        22.86
       3.487     0.962500         4717        26.67
       3.755     0.968750         4747        32.00
       3.925     0.971875         4763        35.56
       4.143     0.975000         4778        40.00
       4.283     0.978125         4793        45.71
       4.615     0.981250         4809        53.33
       5.135     0.984375         4824        64.00
       5.343     0.985938         4832        71.11
       5.635     0.987500         4839        80.00
       5.915     0.989062         4847        91.43
       6.623     0.990625         4855       106.67
       6.951     0.992188         4862       128.00
       7.271     0.992969         4866       142.22
       7.459     0.993750         4870       160.00
       7.747     0.994531         4874       182.86
       7.987     0.995313         4878       213.33
       8.063     0.996094         4881       256.00
       8.319     0.996484         4883       284.44
       8.343     0.996875         4886       320.00
       8.383     0.997266         4887       365.71
       9.103     0.997656         4889       426.67
      10.767     0.998047         4891       512.00
      11.319     0.998242         4892       568.89
      11.983     0.998437         4893       640.00
      12.599     0.998633         4894       731.43
      13.031     0.998828         4895       853.33
      13.095     0.999023         4896      1024.00
      13.095     0.999121         4896      1137.78
      13.343     0.999219         4897      1280.00
      13.343     0.999316         4897      1462.86
      13.527     0.999414         4898      1706.67
      13.527     0.999512         4898      2048.00
      13.527     0.999561         4898      2275.56
      13.847     0.999609         4899      2560.00
      13.847     0.999658         4899      2925.71
      13.847     0.999707         4899      3413.33
      13.847     0.999756         4899      4096.00
      13.847     0.999780         4899      4551.11
      14.855     0.999805         4900      5120.00
      14.855     1.000000         4900          inf
#[Mean    =        1.583, StdDeviation   =        1.068]
#[Max     =       14.848, Total count    =         4900]
#[Buckets =           27, SubBuckets     =         2048]
----------------------------------------------------------
  6002 requests in 1.00m, 756.11KB read
Requests/sec:    100.03
Transfer/sec:     12.60KB
