Running 1m test @ http://10.15.224.38:8080/v2/
  2 threads and 100 connections
  Thread calibration: mean lat.: 1.793ms, rate sampling interval: 10ms
  Thread calibration: mean lat.: 1.837ms, rate sampling interval: 10ms
  Thread Stats   Avg      Stdev     Max   +/- Stdev
    Latency     1.76ms    0.90ms  15.72ms   77.91%
    Req/Sec   529.64    136.44     1.20k    79.77%
  Latency Distribution (HdrHistogram - Recorded Latency)
 50.000%    1.65ms
 75.000%    2.16ms
 90.000%    2.71ms
 99.000%    4.49ms
 99.900%   10.19ms
 99.990%   15.08ms
 99.999%   15.73ms
100.000%   15.73ms

  Detailed Percentile spectrum:
       Value   Percentile   TotalCount 1/(1-Percentile)

       0.252     0.000000            1         1.00
       0.817     0.100000         4985         1.11
       1.063     0.200000         9960         1.25
       1.278     0.300000        14945         1.43
       1.469     0.400000        19919         1.67
       1.647     0.500000        24882         2.00
       1.742     0.550000        27360         2.22
       1.838     0.600000        29865         2.50
       1.937     0.650000        32338         2.86
       2.043     0.700000        34817         3.33
       2.165     0.750000        37338         4.00
       2.229     0.775000        38547         4.44
       2.295     0.800000        39793         5.00
       2.373     0.825000        41040         5.71
       2.465     0.850000        42284         6.67
       2.569     0.875000        43525         8.00
       2.639     0.887500        44144         8.89
       2.713     0.900000        44780        10.00
       2.793     0.912500        45395        11.43
       2.899     0.925000        46013        13.33
       3.023     0.937500        46633        16.00
       3.095     0.943750        46943        17.78
       3.175     0.950000        47252        20.00
       3.267     0.956250        47562        22.86
       3.387     0.962500        47875        26.67
       3.523     0.968750        48184        32.00
       3.603     0.971875        48342        35.56
       3.685     0.975000        48496        40.00
       3.789     0.978125        48654        45.71
       3.921     0.981250        48807        53.33
       4.081     0.984375        48964        64.00
       4.191     0.985938        49041        71.11
       4.275     0.987500        49118        80.00
       4.407     0.989062        49195        91.43
       4.551     0.990625        49272       106.67
       4.739     0.992188        49350       128.00
       4.839     0.992969        49389       142.22
       4.967     0.993750        49428       160.00
       5.099     0.994531        49466       182.86
       5.319     0.995313        49505       213.33
       5.719     0.996094        49544       256.00
       6.007     0.996484        49564       284.44
       6.283     0.996875        49583       320.00
       6.719     0.997266        49602       365.71
       7.375     0.997656        49622       426.67
       8.223     0.998047        49641       512.00
       8.487     0.998242        49651       568.89
       8.743     0.998437        49661       640.00
       9.151     0.998633        49670       731.43
       9.823     0.998828        49680       853.33
      10.319     0.999023        49690      1024.00
      10.575     0.999121        49695      1137.78
      10.975     0.999219        49700      1280.00
      11.495     0.999316        49704      1462.86
      11.807     0.999414        49709      1706.67
      12.607     0.999512        49715      2048.00
      12.671     0.999561        49718      2275.56
      12.783     0.999609        49719      2560.00
      13.199     0.999658        49721      2925.71
      13.799     0.999707        49724      3413.33
      14.023     0.999756        49726      4096.00
      14.247     0.999780        49728      4551.11
      14.351     0.999805        49729      5120.00
      14.415     0.999829        49730      5851.43
      14.919     0.999854        49731      6826.67
      14.999     0.999878        49732      8192.00
      15.079     0.999890        49733      9102.22
      15.127     0.999902        49734     10240.00
      15.127     0.999915        49734     11702.86
      15.367     0.999927        49735     13653.33
      15.367     0.999939        49735     16384.00
      15.543     0.999945        49736     18204.44
      15.543     0.999951        49736     20480.00
      15.543     0.999957        49736     23405.71
      15.687     0.999963        49737     27306.67
      15.687     0.999969        49737     32768.00
      15.687     0.999973        49737     36408.89
      15.687     0.999976        49737     40960.00
      15.687     0.999979        49737     46811.43
      15.727     0.999982        49738     54613.33
      15.727     1.000000        49738          inf
#[Mean    =        1.756, StdDeviation   =        0.903]
#[Max     =       15.720, Total count    =        49738]
#[Buckets =           27, SubBuckets     =         2048]
----------------------------------------------------------
  59920 requests in 1.00m, 10.17MB read
Requests/sec:    998.61
Transfer/sec:    173.59KB
