Running 1m test @ http://10.15.224.38:8080/v2/
  2 threads and 100 connections
  Thread calibration: mean lat.: 1.813ms, rate sampling interval: 10ms
  Thread calibration: mean lat.: 1.882ms, rate sampling interval: 10ms
  Thread Stats   Avg      Stdev     Max   +/- Stdev
    Latency     1.92ms    0.90ms  15.86ms   73.84%
    Req/Sec   664.29    121.81     1.50k    75.38%
  Latency Distribution (HdrHistogram - Recorded Latency)
 50.000%    1.83ms
 75.000%    2.40ms
 90.000%    2.96ms
 99.000%    4.31ms
 99.900%    9.76ms
 99.990%   14.77ms
 99.999%   15.78ms
100.000%   15.86ms

  Detailed Percentile spectrum:
       Value   Percentile   TotalCount 1/(1-Percentile)

       0.249     0.000000            1         1.00
       0.920     0.100000         6225         1.11
       1.200     0.200000        12459         1.25
       1.423     0.300000        18669         1.43
       1.629     0.400000        24908         1.67
       1.825     0.500000        31118         2.00
       1.927     0.550000        34226         2.22
       2.035     0.600000        37313         2.50
       2.149     0.650000        40455         2.86
       2.271     0.700000        43546         3.33
       2.401     0.750000        46659         4.00
       2.475     0.775000        48197         4.44
       2.547     0.800000        49778         5.00
       2.631     0.825000        51324         5.71
       2.725     0.850000        52857         6.67
       2.837     0.875000        54431         8.00
       2.895     0.887500        55190         8.89
       2.961     0.900000        55963        10.00
       3.035     0.912500        56758        11.43
       3.113     0.925000        57519        13.33
       3.207     0.937500        58296        16.00
       3.259     0.943750        58688        17.78
       3.323     0.950000        59081        20.00
       3.393     0.956250        59461        22.86
       3.471     0.962500        59857        26.67
       3.551     0.968750        60242        32.00
       3.607     0.971875        60437        35.56
       3.669     0.975000        60629        40.00
       3.743     0.978125        60823        45.71
       3.833     0.981250        61018        53.33
       3.945     0.984375        61211        64.00
       4.031     0.985938        61308        71.11
       4.111     0.987500        61405        80.00
       4.231     0.989062        61504        91.43
       4.355     0.990625        61600       106.67
       4.515     0.992188        61698       128.00
       4.635     0.992969        61744       142.22
       4.807     0.993750        61793       160.00
       4.983     0.994531        61841       182.86
       5.175     0.995313        61890       213.33
       5.595     0.996094        61940       256.00
       5.827     0.996484        61963       284.44
       6.159     0.996875        61987       320.00
       6.475     0.997266        62011       365.71
       6.963     0.997656        62036       426.67
       7.383     0.998047        62060       512.00
       7.679     0.998242        62072       568.89
       7.823     0.998437        62084       640.00
       8.231     0.998633        62096       731.43
       8.615     0.998828        62109       853.33
       9.839     0.999023        62121      1024.00
      10.039     0.999121        62127      1137.78
      10.439     0.999219        62134      1280.00
      10.887     0.999316        62139      1462.86
      11.479     0.999414        62146      1706.67
      11.879     0.999512        62151      2048.00
      12.103     0.999561        62154      2275.56
      12.303     0.999609        62157      2560.00
      12.455     0.999658        62160      2925.71
      12.887     0.999707        62164      3413.33
      12.967     0.999756        62166      4096.00
      13.135     0.999780        62168      4551.11
      13.327     0.999805        62169      5120.00
      13.671     0.999829        62171      5851.43
      14.031     0.999854        62172      6826.67
      14.703     0.999878        62174      8192.00
      14.775     0.999890        62175      9102.22
      14.775     0.999902        62175     10240.00
      15.143     0.999915        62176     11702.86
      15.191     0.999927        62177     13653.33
      15.239     0.999939        62178     16384.00
      15.239     0.999945        62178     18204.44
      15.239     0.999951        62178     20480.00
      15.495     0.999957        62179     23405.71
      15.495     0.999963        62179     27306.67
      15.783     0.999969        62180     32768.00
      15.783     0.999973        62180     36408.89
      15.783     0.999976        62180     40960.00
      15.783     0.999979        62180     46811.43
      15.783     0.999982        62180     54613.33
      15.863     0.999985        62181     65536.00
      15.863     1.000000        62181          inf
#[Mean    =        1.919, StdDeviation   =        0.896]
#[Max     =       15.856, Total count    =        62181]
#[Buckets =           27, SubBuckets     =         2048]
----------------------------------------------------------
  74891 requests in 1.00m, 12.71MB read
Requests/sec:   1248.15
Transfer/sec:    216.96KB
