Running 1m test @ http://10.15.224.38:8080/v2/
  2 threads and 100 connections
  Thread calibration: mean lat.: 8.440ms, rate sampling interval: 43ms
  Thread calibration: mean lat.: 8.460ms, rate sampling interval: 44ms
  Thread Stats   Avg      Stdev     Max   +/- Stdev
    Latency     3.54ms    3.85ms  38.94ms   90.75%
    Req/Sec     1.01k   102.01     1.63k    82.47%
  Latency Distribution (HdrHistogram - Recorded Latency)
 50.000%    2.38ms
 75.000%    3.47ms
 90.000%    6.91ms
 99.000%   21.36ms
 99.900%   32.83ms
 99.990%   37.69ms
 99.999%   38.78ms
100.000%   38.97ms

  Detailed Percentile spectrum:
       Value   Percentile   TotalCount 1/(1-Percentile)

       0.248     0.000000            1         1.00
       1.255     0.100000         9961         1.11
       1.575     0.200000        19924         1.25
       1.845     0.300000        29854         1.43
       2.111     0.400000        39824         1.67
       2.383     0.500000        49772         2.00
       2.525     0.550000        54739         2.22
       2.689     0.600000        59711         2.50
       2.883     0.650000        64702         2.86
       3.133     0.700000        69675         3.33
       3.467     0.750000        74648         4.00
       3.671     0.775000        77116         4.44
       3.937     0.800000        79602         5.00
       4.303     0.825000        82094         5.71
       4.843     0.850000        84582         6.67
       5.671     0.875000        87066         8.00
       6.211     0.887500        88313         8.89
       6.915     0.900000        89559        10.00
       7.779     0.912500        90798        11.43
       8.823     0.925000        92046        13.33
      10.071     0.937500        93286        16.00
      10.783     0.943750        93906        17.78
      11.519     0.950000        94529        20.00
      12.239     0.956250        95152        22.86
      13.127     0.962500        95776        26.67
      14.095     0.968750        96396        32.00
      14.775     0.971875        96707        35.56
      15.471     0.975000        97021        40.00
      16.343     0.978125        97327        45.71
      17.327     0.981250        97640        53.33
      18.447     0.984375        97950        64.00
      18.991     0.985938        98104        71.11
      19.775     0.987500        98260        80.00
      20.767     0.989062        98415        91.43
      21.711     0.990625        98572       106.67
      22.719     0.992188        98727       128.00
      23.327     0.992969        98806       142.22
      23.903     0.993750        98882       160.00
      24.655     0.994531        98958       182.86
      25.775     0.995313        99038       213.33
      26.671     0.996094        99115       256.00
      27.199     0.996484        99153       284.44
      27.871     0.996875        99193       320.00
      28.719     0.997266        99230       365.71
      29.407     0.997656        99269       426.67
      30.207     0.998047        99308       512.00
      30.831     0.998242        99328       568.89
      31.439     0.998437        99347       640.00
      31.935     0.998633        99366       731.43
      32.559     0.998828        99387       853.33
      32.895     0.999023        99406      1024.00
      33.119     0.999121        99415      1137.78
      33.503     0.999219        99426      1280.00
      33.855     0.999316        99434      1462.86
      34.207     0.999414        99446      1706.67
      34.399     0.999512        99455      2048.00
      34.687     0.999561        99459      2275.56
      35.071     0.999609        99464      2560.00
      35.583     0.999658        99468      2925.71
      35.775     0.999707        99473      3413.33
      36.159     0.999756        99478      4096.00
      36.287     0.999780        99481      4551.11
      36.415     0.999805        99483      5120.00
      36.511     0.999829        99485      5851.43
      36.895     0.999854        99488      6826.67
      37.023     0.999878        99490      8192.00
      37.695     0.999890        99492      9102.22
      37.727     0.999902        99493     10240.00
      37.887     0.999915        99494     11702.86
      37.919     0.999927        99495     13653.33
      38.015     0.999939        99496     16384.00
      38.079     0.999945        99497     18204.44
      38.271     0.999951        99498     20480.00
      38.271     0.999957        99498     23405.71
      38.367     0.999963        99499     27306.67
      38.367     0.999969        99499     32768.00
      38.591     0.999973        99500     36408.89
      38.591     0.999976        99500     40960.00
      38.591     0.999979        99500     46811.43
      38.783     0.999982        99501     54613.33
      38.783     0.999985        99501     65536.00
      38.783     0.999986        99501     72817.78
      38.783     0.999988        99501     81920.00
      38.783     0.999989        99501     93622.86
      38.975     0.999991        99502    109226.67
      38.975     1.000000        99502          inf
#[Mean    =        3.539, StdDeviation   =        3.845]
#[Max     =       38.944, Total count    =        99502]
#[Buckets =           27, SubBuckets     =         2048]
----------------------------------------------------------
  119797 requests in 1.00m, 20.34MB read
Requests/sec:   1996.54
Transfer/sec:    347.10KB
Running 1m test @ http://10.15.224.38:8080/v2/
  2 threads and 100 connections
  Thread calibration: mean lat.: 20.154ms, rate sampling interval: 57ms
  Thread calibration: mean lat.: 10.485ms, rate sampling interval: 46ms
  Thread Stats   Avg      Stdev     Max   +/- Stdev
    Latency    15.36ms    9.79ms  78.78ms   66.00%
    Req/Sec     1.01k   222.01     1.96k    80.23%
  Latency Distribution (HdrHistogram - Recorded Latency)
 50.000%   16.51ms
 75.000%   21.33ms
 90.000%   25.66ms
 99.000%   46.46ms
 99.900%   70.46ms
 99.990%   77.63ms
 99.999%   78.40ms
100.000%   78.85ms

  Detailed Percentile spectrum:
       Value   Percentile   TotalCount 1/(1-Percentile)

       0.303     0.000000            1         1.00
       1.933     0.100000         9951         1.11
       3.727     0.200000        19902         1.25
      10.687     0.300000        29854         1.43
      14.103     0.400000        39815         1.67
      16.511     0.500000        49814         2.00
      17.503     0.550000        54791         2.22
      18.383     0.600000        59757         2.50
      19.295     0.650000        64694         2.86
      20.351     0.700000        69713         3.33
      21.327     0.750000        74718         4.00
      21.807     0.775000        77148         4.44
      22.303     0.800000        79606         5.00
      22.911     0.825000        82094         5.71
      23.599     0.850000        84613         6.67
      24.463     0.875000        87095         8.00
      24.991     0.887500        88306         8.89
      25.663     0.900000        89554        10.00
      26.239     0.912500        90791        11.43
      26.799     0.925000        92039        13.33
      27.679     0.937500        93281        16.00
      28.271     0.943750        93913        17.78
      28.975     0.950000        94522        20.00
      29.903     0.956250        95147        22.86
      31.007     0.962500        95769        26.67
      32.271     0.968750        96386        32.00
      33.055     0.971875        96712        35.56
      33.855     0.975000        97011        40.00
      35.295     0.978125        97319        45.71
      37.183     0.981250        97633        53.33
      39.263     0.984375        97946        64.00
      40.767     0.985938        98098        71.11
      42.111     0.987500        98255        80.00
      45.055     0.989062        98407        91.43
      46.943     0.990625        98565       106.67
      50.527     0.992188        98718       128.00
      51.519     0.992969        98798       142.22
      52.383     0.993750        98877       160.00
      53.887     0.994531        98953       182.86
      55.455     0.995313        99029       213.33
      57.087     0.996094        99109       256.00
      58.239     0.996484        99147       284.44
      58.655     0.996875        99187       320.00
      60.383     0.997266        99223       365.71
      62.751     0.997656        99262       426.67
      63.807     0.998047        99304       512.00
      64.831     0.998242        99321       568.89
      66.303     0.998437        99340       640.00
      66.879     0.998633        99360       731.43
      67.967     0.998828        99379       853.33
      71.423     0.999023        99398      1024.00
      71.615     0.999121        99408      1137.78
      72.063     0.999219        99418      1280.00
      72.831     0.999316        99427      1462.86
      75.007     0.999414        99437      1706.67
      75.967     0.999512        99448      2048.00
      76.031     0.999561        99452      2275.56
      76.223     0.999609        99459      2560.00
      76.543     0.999658        99461      2925.71
      77.119     0.999707        99469      3413.33
      77.247     0.999756        99472      4096.00
      77.311     0.999780        99475      4551.11
      77.375     0.999805        99479      5120.00
      77.375     0.999829        99479      5851.43
      77.439     0.999854        99481      6826.67
      77.567     0.999878        99484      8192.00
      77.631     0.999890        99485      9102.22
      77.695     0.999902        99487     10240.00
      77.695     0.999915        99487     11702.86
      77.759     0.999927        99490     13653.33
      77.759     0.999939        99490     16384.00
      77.759     0.999945        99490     18204.44
      77.823     0.999951        99491     20480.00
      77.823     0.999957        99491     23405.71
      77.887     0.999963        99493     27306.67
      77.887     0.999969        99493     32768.00
      77.887     0.999973        99493     36408.89
      77.887     0.999976        99493     40960.00
      77.887     0.999979        99493     46811.43
      78.399     0.999982        99494     54613.33
      78.399     0.999985        99494     65536.00
      78.399     0.999986        99494     72817.78
      78.399     0.999988        99494     81920.00
      78.399     0.999989        99494     93622.86
      78.847     0.999991        99495    109226.67
      78.847     1.000000        99495          inf
#[Mean    =       15.364, StdDeviation   =        9.791]
#[Max     =       78.784, Total count    =        99495]
#[Buckets =           27, SubBuckets     =         2048]
----------------------------------------------------------
  118897 requests in 1.00m, 20.21MB read
Requests/sec:   1981.25
Transfer/sec:    344.91KB
