Running 1m test @ http://10.15.224.38:8080/v2/
  2 threads and 100 connections
^[[A  Thread calibration: mean lat.: 1.235ms, rate sampling interval: 10ms
  Thread calibration: mean lat.: 1.303ms, rate sampling interval: 10ms
  Thread Stats   Avg      Stdev     Max   +/- Stdev
    Latency     1.26ms  530.73us   7.64ms   69.03%
    Req/Sec   210.90     45.87   400.00     81.23%
  Latency Distribution (HdrHistogram - Recorded Latency)
 50.000%    1.21ms
 75.000%    1.58ms
 90.000%    1.95ms
 99.000%    2.68ms
 99.900%    4.47ms
 99.990%    6.92ms
 99.999%    7.64ms
100.000%    7.64ms

  Detailed Percentile spectrum:
       Value   Percentile   TotalCount 1/(1-Percentile)

       0.323     0.000000            1         1.00
       0.625     0.100000         1992         1.11
       0.807     0.200000         3996         1.25
       0.953     0.300000         5982         1.43
       1.081     0.400000         7974         1.67
       1.205     0.500000         9963         2.00
       1.267     0.550000        10954         2.22
       1.333     0.600000        11955         2.50
       1.400     0.650000        12945         2.86
       1.482     0.700000        13939         3.33
       1.576     0.750000        14935         4.00
       1.629     0.775000        15425         4.44
       1.682     0.800000        15924         5.00
       1.743     0.825000        16420         5.71
       1.804     0.850000        16915         6.67
       1.872     0.875000        17416         8.00
       1.911     0.887500        17662         8.89
       1.952     0.900000        17915        10.00
       2.000     0.912500        18160        11.43
       2.053     0.925000        18411        13.33
       2.109     0.937500        18667        16.00
       2.137     0.943750        18780        17.78
       2.169     0.950000        18905        20.00
       2.201     0.956250        19030        22.86
       2.239     0.962500        19154        26.67
       2.291     0.968750        19280        32.00
       2.321     0.971875        19340        35.56
       2.353     0.975000        19405        40.00
       2.391     0.978125        19466        45.71
       2.441     0.981250        19527        53.33
       2.501     0.984375        19590        64.00
       2.535     0.985938        19621        71.11
       2.579     0.987500        19651        80.00
       2.643     0.989062        19682        91.43
       2.701     0.990625        19714       106.67
       2.779     0.992188        19744       128.00
       2.815     0.992969        19760       142.22
       2.867     0.993750        19776       160.00
       2.901     0.994531        19791       182.86
       2.953     0.995313        19808       213.33
       3.047     0.996094        19822       256.00
       3.083     0.996484        19830       284.44
       3.141     0.996875        19838       320.00
       3.223     0.997266        19845       365.71
       3.377     0.997656        19853       426.67
       3.599     0.998047        19861       512.00
       3.655     0.998242        19865       568.89
       3.823     0.998437        19868       640.00
       3.895     0.998633        19872       731.43
       4.151     0.998828        19876       853.33
       4.503     0.999023        19880      1024.00
       4.627     0.999121        19882      1137.78
       4.795     0.999219        19884      1280.00
       5.083     0.999316        19886      1462.86
       5.291     0.999414        19888      1706.67
       5.887     0.999512        19890      2048.00
       5.923     0.999561        19891      2275.56
       6.159     0.999609        19892      2560.00
       6.347     0.999658        19893      2925.71
       6.591     0.999707        19894      3413.33
       6.747     0.999756        19895      4096.00
       6.747     0.999780        19895      4551.11
       6.855     0.999805        19896      5120.00
       6.855     0.999829        19896      5851.43
       6.923     0.999854        19897      6826.67
       6.923     0.999878        19897      8192.00
       6.923     0.999890        19897      9102.22
       7.243     0.999902        19898     10240.00
       7.243     0.999915        19898     11702.86
       7.243     0.999927        19898     13653.33
       7.243     0.999939        19898     16384.00
       7.243     0.999945        19898     18204.44
       7.639     0.999951        19899     20480.00
       7.639     1.000000        19899          inf
#[Mean    =        1.262, StdDeviation   =        0.531]
#[Max     =        7.636, Total count    =        19899]
#[Buckets =           27, SubBuckets     =         2048]
----------------------------------------------------------
  24001 requests in 1.00m, 4.07MB read
Requests/sec:    400.01
Transfer/sec:     69.53KB
