Running 1m test @ http://10.15.224.38:8080/v2/
  2 threads and 100 connections
  Thread calibration: mean lat.: 1.355ms, rate sampling interval: 10ms
  Thread calibration: mean lat.: 1.375ms, rate sampling interval: 10ms
  Thread Stats   Avg      Stdev     Max   +/- Stdev
    Latency     1.37ms  637.65us  14.45ms   73.58%
    Req/Sec   316.31    114.42   777.00     51.10%
  Latency Distribution (HdrHistogram - Recorded Latency)
 50.000%    1.30ms
 75.000%    1.69ms
 90.000%    2.11ms
 99.000%    3.20ms
 99.900%    5.64ms
 99.990%   11.58ms
 99.999%   14.45ms
100.000%   14.45ms

  Detailed Percentile spectrum:
       Value   Percentile   TotalCount 1/(1-Percentile)

       0.251     0.000000            1         1.00
       0.654     0.100000         2988         1.11
       0.849     0.200000         5978         1.25
       1.012     0.300000         8968         1.43
       1.161     0.400000        11939         1.67
       1.303     0.500000        14918         2.00
       1.371     0.550000        16411         2.22
       1.439     0.600000        17911         2.50
       1.512     0.650000        19400         2.86
       1.596     0.700000        20883         3.33
       1.691     0.750000        22378         4.00
       1.743     0.775000        23137         4.44
       1.796     0.800000        23870         5.00
       1.859     0.825000        24615         5.71
       1.929     0.850000        25359         6.67
       2.015     0.875000        26113         8.00
       2.057     0.887500        26485         8.89
       2.109     0.900000        26852        10.00
       2.167     0.912500        27229        11.43
       2.231     0.925000        27603        13.33
       2.311     0.937500        27973        16.00
       2.363     0.943750        28162        17.78
       2.413     0.950000        28343        20.00
       2.473     0.956250        28528        22.86
       2.535     0.962500        28720        26.67
       2.615     0.968750        28902        32.00
       2.661     0.971875        28996        35.56
       2.719     0.975000        29088        40.00
       2.779     0.978125        29182        45.71
       2.855     0.981250        29273        53.33
       2.955     0.984375        29367        64.00
       3.013     0.985938        29414        71.11
       3.081     0.987500        29460        80.00
       3.149     0.989062        29506        91.43
       3.229     0.990625        29553       106.67
       3.371     0.992188        29601       128.00
       3.427     0.992969        29623       142.22
       3.489     0.993750        29646       160.00
       3.615     0.994531        29669       182.86
       3.755     0.995313        29695       213.33
       3.911     0.996094        29717       256.00
       4.139     0.996484        29728       284.44
       4.279     0.996875        29740       320.00
       4.395     0.997266        29752       365.71
       4.583     0.997656        29763       426.67
       4.775     0.998047        29774       512.00
       4.967     0.998242        29780       568.89
       5.119     0.998437        29786       640.00
       5.295     0.998633        29792       731.43
       5.551     0.998828        29798       853.33
       5.723     0.999023        29803      1024.00
       5.891     0.999121        29806      1137.78
       6.031     0.999219        29809      1280.00
       6.407     0.999316        29812      1462.86
       6.783     0.999414        29815      1706.67
       6.991     0.999512        29818      2048.00
       7.127     0.999561        29819      2275.56
       7.791     0.999609        29821      2560.00
       8.135     0.999658        29822      2925.71
       9.015     0.999707        29824      3413.33
       9.143     0.999756        29825      4096.00
      10.231     0.999780        29826      4551.11
      10.407     0.999805        29827      5120.00
      10.407     0.999829        29827      5851.43
      11.375     0.999854        29828      6826.67
      11.583     0.999878        29829      8192.00
      11.583     0.999890        29829      9102.22
      12.519     0.999902        29830     10240.00
      12.519     0.999915        29830     11702.86
      12.519     0.999927        29830     13653.33
      13.751     0.999939        29831     16384.00
      13.751     0.999945        29831     18204.44
      13.751     0.999951        29831     20480.00
      13.751     0.999957        29831     23405.71
      13.751     0.999963        29831     27306.67
      14.455     0.999969        29832     32768.00
      14.455     1.000000        29832          inf
#[Mean    =        1.366, StdDeviation   =        0.638]
#[Max     =       14.448, Total count    =        29832]
#[Buckets =           27, SubBuckets     =         2048]
----------------------------------------------------------
  35968 requests in 1.00m, 6.11MB read
Requests/sec:    599.43
Transfer/sec:    104.20KB
