Running 1m test @ http://10.15.224.38:8080/v2/
  2 threads and 100 connections
  Thread calibration: mean lat.: 1.365ms, rate sampling interval: 10ms
  Thread calibration: mean lat.: 1.375ms, rate sampling interval: 10ms
  Thread Stats   Avg      Stdev     Max   +/- Stdev
    Latency     1.34ms  623.24us  12.91ms   73.49%
    Req/Sec   369.11    107.74     0.89k    65.14%
  Latency Distribution (HdrHistogram - Recorded Latency)
 50.000%    1.28ms
 75.000%    1.67ms
 90.000%    2.08ms
 99.000%    3.08ms
 99.900%    6.08ms
 99.990%   10.83ms
 99.999%   12.92ms
100.000%   12.92ms

  Detailed Percentile spectrum:
       Value   Percentile   TotalCount 1/(1-Percentile)

       0.255     0.000000            1         1.00
       0.647     0.100000         3488         1.11
       0.835     0.200000         6973         1.25
       0.993     0.300000        10455         1.43
       1.138     0.400000        13927         1.67
       1.276     0.500000        17429         2.00
       1.343     0.550000        19157         2.22
       1.415     0.600000        20889         2.50
       1.496     0.650000        22644         2.86
       1.578     0.700000        24370         3.33
       1.670     0.750000        26130         4.00
       1.722     0.775000        26985         4.44
       1.779     0.800000        27871         5.00
       1.838     0.825000        28727         5.71
       1.905     0.850000        29594         6.67
       1.985     0.875000        30470         8.00
       2.029     0.887500        30902         8.89
       2.083     0.900000        31338        10.00
       2.137     0.912500        31775        11.43
       2.197     0.925000        32221        13.33
       2.265     0.937500        32641        16.00
       2.307     0.943750        32863        17.78
       2.353     0.950000        33077        20.00
       2.405     0.956250        33294        22.86
       2.465     0.962500        33516        26.67
       2.531     0.968750        33732        32.00
       2.577     0.971875        33843        35.56
       2.621     0.975000        33943        40.00
       2.683     0.978125        34053        45.71
       2.755     0.981250        34163        53.33
       2.845     0.984375        34273        64.00
       2.903     0.985938        34325        71.11
       2.961     0.987500        34380        80.00
       3.031     0.989062        34435        91.43
       3.105     0.990625        34488       106.67
       3.219     0.992188        34544       128.00
       3.291     0.992969        34569       142.22
       3.401     0.993750        34596       160.00
       3.493     0.994531        34623       182.86
       3.607     0.995313        34650       213.33
       3.781     0.996094        34678       256.00
       3.843     0.996484        34691       284.44
       3.973     0.996875        34705       320.00
       4.191     0.997266        34718       365.71
       4.459     0.997656        34732       426.67
       4.935     0.998047        34746       512.00
       5.047     0.998242        34752       568.89
       5.291     0.998437        34759       640.00
       5.531     0.998633        34766       731.43
       5.771     0.998828        34773       853.33
       6.191     0.999023        34780      1024.00
       6.519     0.999121        34783      1137.78
       6.683     0.999219        34786      1280.00
       6.883     0.999316        34790      1462.86
       7.139     0.999414        34793      1706.67
       8.011     0.999512        34797      2048.00
       8.055     0.999561        34798      2275.56
       8.743     0.999609        34800      2560.00
       8.863     0.999658        34802      2925.71
       8.943     0.999707        34803      3413.33
       9.063     0.999756        34805      4096.00
       9.343     0.999780        34806      4551.11
       9.647     0.999805        34807      5120.00
      10.359     0.999829        34808      5851.43
      10.359     0.999854        34808      6826.67
      10.407     0.999878        34809      8192.00
      10.831     0.999890        34810      9102.22
      10.831     0.999902        34810     10240.00
      11.031     0.999915        34811     11702.86
      11.031     0.999927        34811     13653.33
      11.031     0.999939        34811     16384.00
      11.047     0.999945        34812     18204.44
      11.047     0.999951        34812     20480.00
      11.047     0.999957        34812     23405.71
      11.047     0.999963        34812     27306.67
      11.047     0.999969        34812     32768.00
      12.919     0.999973        34813     36408.89
      12.919     1.000000        34813          inf
#[Mean    =        1.343, StdDeviation   =        0.623]
#[Max     =       12.912, Total count    =        34813]
#[Buckets =           27, SubBuckets     =         2048]
----------------------------------------------------------
  41958 requests in 1.00m, 7.12MB read
Requests/sec:    699.29
Transfer/sec:    121.56KB
