Running 1m test @ http://10.15.224.38:8080/v2/
  2 threads and 100 connections
  Thread calibration: mean lat.: 112.166ms, rate sampling interval: 316ms
  Thread calibration: mean lat.: 113.530ms, rate sampling interval: 319ms
  Thread Stats   Avg      Stdev     Max   +/- Stdev
    Latency   930.79ms  492.33ms   1.87s    53.03%
    Req/Sec     1.21k    56.05     1.37k    72.12%
  Latency Distribution (HdrHistogram - Recorded Latency)
 50.000%  931.84ms
 75.000%    1.38s 
 90.000%    1.59s 
 99.000%    1.79s 
 99.900%    1.83s 
 99.990%    1.85s 
 99.999%    1.87s 
100.000%    1.87s 

  Detailed Percentile spectrum:
       Value   Percentile   TotalCount 1/(1-Percentile)

     170.367     0.000000            1         1.00
     309.503     0.100000        12029         1.11
     390.399     0.200000        24089         1.25
     532.479     0.300000        36123         1.43
     723.967     0.400000        48156         1.67
     931.839     0.500000        60148         2.00
    1009.663     0.550000        66175         2.22
    1137.663     0.600000        72211         2.50
    1209.343     0.650000        78271         2.86
    1317.887     0.700000        84255         3.33
    1381.375     0.750000        90297         4.00
    1422.335     0.775000        93225         4.44
    1458.175     0.800000        96270         5.00
    1485.823     0.825000        99340         5.71
    1514.495     0.850000       102311         6.67
    1554.431     0.875000       105255         8.00
    1571.839     0.887500       106756         8.89
    1590.271     0.900000       108316        10.00
    1611.775     0.912500       109785        11.43
    1655.807     0.925000       111265        13.33
    1685.503     0.937500       112819        16.00
    1696.767     0.943750       113531        17.78
    1707.007     0.950000       114358        20.00
    1716.223     0.956250       115081        22.86
    1727.487     0.962500       115796        26.67
    1738.751     0.968750       116536        32.00
    1745.919     0.971875       116964        35.56
    1753.087     0.975000       117315        40.00
    1759.231     0.978125       117706        45.71
    1765.375     0.981250       118038        53.33
    1772.543     0.984375       118407        64.00
    1776.639     0.985938       118630        71.11
    1780.735     0.987500       118825        80.00
    1785.855     0.989062       119005        91.43
    1789.951     0.990625       119174       106.67
    1794.047     0.992188       119364       128.00
    1797.119     0.992969       119490       142.22
    1798.143     0.993750       119538       160.00
    1801.215     0.994531       119651       182.86
    1804.287     0.995313       119737       213.33
    1808.383     0.996094       119821       256.00
    1810.431     0.996484       119870       284.44
    1812.479     0.996875       119914       320.00
    1815.551     0.997266       119975       365.71
    1817.599     0.997656       120023       426.67
    1819.647     0.998047       120061       512.00
    1820.671     0.998242       120082       568.89
    1821.695     0.998437       120105       640.00
    1822.719     0.998633       120126       731.43
    1824.767     0.998828       120150       853.33
    1826.815     0.999023       120171      1024.00
    1827.839     0.999121       120181      1137.78
    1829.887     0.999219       120201      1280.00
    1830.911     0.999316       120207      1462.86
    1833.983     0.999414       120223      1706.67
    1836.031     0.999512       120230      2048.00
    1837.055     0.999561       120235      2275.56
    1839.103     0.999609       120240      2560.00
    1841.151     0.999658       120245      2925.71
    1843.199     0.999707       120256      3413.33
    1844.223     0.999756       120257      4096.00
    1846.271     0.999780       120264      4551.11
    1846.271     0.999805       120264      5120.00
    1847.295     0.999829       120267      5851.43
    1848.319     0.999854       120269      6826.67
    1850.367     0.999878       120277      8192.00
    1850.367     0.999890       120277      9102.22
    1850.367     0.999902       120277     10240.00
    1850.367     0.999915       120277     11702.86
    1851.391     0.999927       120279     13653.33
    1851.391     0.999939       120279     16384.00
    1852.415     0.999945       120280     18204.44
    1854.463     0.999951       120281     20480.00
    1854.463     0.999957       120281     23405.71
    1855.487     0.999963       120282     27306.67
    1862.655     0.999969       120283     32768.00
    1862.655     0.999973       120283     36408.89
    1865.727     0.999976       120284     40960.00
    1865.727     0.999979       120284     46811.43
    1865.727     0.999982       120284     54613.33
    1871.871     0.999985       120285     65536.00
    1871.871     0.999986       120285     72817.78
    1871.871     0.999988       120285     81920.00
    1871.871     0.999989       120285     93622.86
    1871.871     0.999991       120285    109226.67
    1873.919     0.999992       120286    131072.00
    1873.919     1.000000       120286          inf
#[Mean    =      930.787, StdDeviation   =      492.330]
#[Max     =     1872.896, Total count    =       120286]
#[Buckets =           27, SubBuckets     =         2048]
----------------------------------------------------------
  145207 requests in 1.00m, 24.79MB read
Requests/sec:   2419.91
Transfer/sec:    423.00KB
