Running 1m test @ http://172.17.0.3:8080/v2/
  2 threads and 100 connections
  Thread calibration: mean lat.: 1.419ms, rate sampling interval: 10ms
  Thread calibration: mean lat.: 1.482ms, rate sampling interval: 10ms
  Thread Stats   Avg      Stdev     Max   +/- Stdev
    Latency     1.40ms    1.40ms  49.25ms   96.92%
    Req/Sec     1.32k   231.96     3.67k    76.66%
  Latency Distribution (HdrHistogram - Recorded Latency)
 50.000%    1.26ms
 75.000%    1.63ms
 90.000%    2.06ms
 99.000%    5.00ms
 99.900%   20.62ms
 99.990%   38.69ms
 99.999%   44.03ms
100.000%   49.28ms

  Detailed Percentile spectrum:
       Value   Percentile   TotalCount 1/(1-Percentile)

       0.107     0.000000            1         1.00
       0.589     0.100000        12459         1.11
       0.785     0.200000        24902         1.25
       0.956     0.300000        37324         1.43
       1.112     0.400000        49772         1.67
       1.259     0.500000        62239         2.00
       1.329     0.550000        68445         2.22
       1.398     0.600000        74647         2.50
       1.470     0.650000        80892         2.86
       1.546     0.700000        87087         3.33
       1.634     0.750000        93284         4.00
       1.684     0.775000        96423         4.44
       1.740     0.800000        99534         5.00
       1.802     0.825000       102618         5.71
       1.873     0.850000       105744         6.67
       1.952     0.875000       108842         8.00
       2.000     0.887500       110382         8.89
       2.055     0.900000       111937        10.00
       2.119     0.912500       113495        11.43
       2.199     0.925000       115065        13.33
       2.299     0.937500       116630        16.00
       2.355     0.943750       117386        17.78
       2.427     0.950000       118177        20.00
       2.517     0.956250       118937        22.86
       2.629     0.962500       119719        26.67
       2.785     0.968750       120489        32.00
       2.895     0.971875       120880        35.56
       3.019     0.975000       121270        40.00
       3.199     0.978125       121657        45.71
       3.421     0.981250       122041        53.33
       3.745     0.984375       122429        64.00
       3.989     0.985938       122625        71.11
       4.255     0.987500       122819        80.00
       4.643     0.989062       123016        91.43
       5.303     0.990625       123208       106.67
       6.107     0.992188       123403       128.00
       6.523     0.992969       123498       142.22
       7.195     0.993750       123595       160.00
       8.099     0.994531       123692       182.86
       9.111     0.995313       123790       213.33
      10.743     0.996094       123888       256.00
      11.647     0.996484       123935       284.44
      12.415     0.996875       123985       320.00
      13.959     0.997266       124032       365.71
      14.423     0.997656       124081       426.67
      15.591     0.998047       124130       512.00
      16.351     0.998242       124154       568.89
      17.263     0.998437       124179       640.00
      18.191     0.998633       124202       731.43
      18.655     0.998828       124227       853.33
      20.799     0.999023       124251      1024.00
      21.535     0.999121       124264      1137.78
      22.575     0.999219       124275      1280.00
      24.735     0.999316       124287      1462.86
      27.375     0.999414       124300      1706.67
      29.279     0.999512       124312      2048.00
      30.095     0.999561       124318      2275.56
      30.575     0.999609       124324      2560.00
      30.927     0.999658       124330      2925.71
      34.079     0.999707       124336      3413.33
      34.527     0.999756       124342      4096.00
      34.911     0.999780       124345      4551.11
      35.103     0.999805       124348      5120.00
      35.327     0.999829       124351      5851.43
      37.887     0.999854       124354      6826.67
      38.143     0.999878       124357      8192.00
      38.559     0.999890       124359      9102.22
      38.687     0.999902       124360     10240.00
      39.007     0.999915       124362     11702.86
      39.039     0.999927       124363     13653.33
      43.167     0.999939       124365     16384.00
      43.487     0.999945       124366     18204.44
      43.487     0.999951       124366     20480.00
      43.647     0.999957       124367     23405.71
      43.679     0.999963       124369     27306.67
      43.679     0.999969       124369     32768.00
      43.679     0.999973       124369     36408.89
      43.679     0.999976       124369     40960.00
      43.903     0.999979       124370     46811.43
      43.903     0.999982       124370     54613.33
      44.031     0.999985       124371     65536.00
      44.031     0.999986       124371     72817.78
      44.031     0.999988       124371     81920.00
      44.031     0.999989       124371     93622.86
      44.031     0.999991       124371    109226.67
      49.279     0.999992       124372    131072.00
      49.279     1.000000       124372          inf
#[Mean    =        1.401, StdDeviation   =        1.395]
#[Max     =       49.248, Total count    =       124372]
#[Buckets =           27, SubBuckets     =         2048]
----------------------------------------------------------
  149738 requests in 1.00m, 18.42MB read
Requests/sec:   2495.55
Transfer/sec:    314.38KB
