Running 1m test @ http://172.17.0.3:8080/v2/
  2 threads and 100 connections
  Thread calibration: mean lat.: 1.272ms, rate sampling interval: 10ms
  Thread calibration: mean lat.: 1.288ms, rate sampling interval: 10ms
  Thread Stats   Avg      Stdev     Max   +/- Stdev
    Latency     1.24ms  587.06us  12.30ms   73.65%
    Req/Sec     1.32k   208.78     2.67k    74.74%
  Latency Distribution (HdrHistogram - Recorded Latency)
 50.000%    1.21ms
 75.000%    1.55ms
 90.000%    1.88ms
 99.000%    2.77ms
 99.900%    6.30ms
 99.990%    9.94ms
 99.999%   12.18ms
100.000%   12.30ms

  Detailed Percentile spectrum:
       Value   Percentile   TotalCount 1/(1-Percentile)

       0.109     0.000000            1         1.00
       0.550     0.100000        12455         1.11
       0.751     0.200000        24937         1.25
       0.924     0.300000        37368         1.43
       1.076     0.400000        49800         1.67
       1.214     0.500000        62192         2.00
       1.279     0.550000        68414         2.22
       1.344     0.600000        74679         2.50
       1.408     0.650000        80914         2.86
       1.476     0.700000        87074         3.33
       1.551     0.750000        93339         4.00
       1.591     0.775000        96418         4.44
       1.636     0.800000        99560         5.00
       1.683     0.825000       102622         5.71
       1.739     0.850000       105733         6.67
       1.804     0.875000       108848         8.00
       1.840     0.887500       110382         8.89
       1.882     0.900000       111960        10.00
       1.928     0.912500       113526        11.43
       1.978     0.925000       115057        13.33
       2.039     0.937500       116602        16.00
       2.077     0.943750       117428        17.78
       2.115     0.950000       118159        20.00
       2.159     0.956250       118955        22.86
       2.209     0.962500       119713        26.67
       2.271     0.968750       120490        32.00
       2.307     0.971875       120875        35.56
       2.351     0.975000       121270        40.00
       2.403     0.978125       121660        45.71
       2.463     0.981250       122042        53.33
       2.541     0.984375       122435        64.00
       2.587     0.985938       122630        71.11
       2.643     0.987500       122818        80.00
       2.719     0.989062       123013        91.43
       2.803     0.990625       123208       106.67
       2.931     0.992188       123401       128.00
       3.037     0.992969       123498       142.22
       3.141     0.993750       123596       160.00
       3.245     0.994531       123693       182.86
       3.377     0.995313       123791       213.33
       3.585     0.996094       123887       256.00
       3.679     0.996484       123935       284.44
       3.821     0.996875       123984       320.00
       4.019     0.997266       124032       365.71
       4.267     0.997656       124081       426.67
       4.527     0.998047       124130       512.00
       4.599     0.998242       124154       568.89
       4.775     0.998437       124178       640.00
       5.119     0.998633       124202       731.43
       5.551     0.998828       124227       853.33
       6.323     0.999023       124253      1024.00
       6.507     0.999121       124263      1137.78
       6.835     0.999219       124275      1280.00
       7.607     0.999316       124288      1462.86
       7.839     0.999414       124300      1706.67
       8.035     0.999512       124312      2048.00
       8.231     0.999561       124319      2275.56
       8.303     0.999609       124327      2560.00
       8.359     0.999658       124330      2925.71
       8.487     0.999707       124336      3413.33
       9.119     0.999756       124342      4096.00
       9.255     0.999780       124345      4551.11
       9.479     0.999805       124348      5120.00
       9.687     0.999829       124351      5851.43
       9.727     0.999854       124354      6826.67
       9.823     0.999878       124357      8192.00
       9.895     0.999890       124359      9102.22
       9.943     0.999902       124360     10240.00
      10.135     0.999915       124362     11702.86
      10.159     0.999927       124363     13653.33
      10.271     0.999939       124365     16384.00
      10.311     0.999945       124366     18204.44
      10.311     0.999951       124366     20480.00
      10.431     0.999957       124367     23405.71
      11.679     0.999963       124368     27306.67
      12.039     0.999969       124369     32768.00
      12.039     0.999973       124369     36408.89
      12.039     0.999976       124369     40960.00
      12.175     0.999979       124371     46811.43
      12.175     0.999982       124371     54613.33
      12.175     0.999985       124371     65536.00
      12.175     0.999986       124371     72817.78
      12.175     0.999988       124371     81920.00
      12.175     0.999989       124371     93622.86
      12.175     0.999991       124371    109226.67
      12.303     0.999992       124372    131072.00
      12.303     1.000000       124372          inf
#[Mean    =        1.235, StdDeviation   =        0.587]
#[Max     =       12.296, Total count    =       124372]
#[Buckets =           27, SubBuckets     =         2048]
----------------------------------------------------------
  149738 requests in 1.00m, 18.42MB read
Requests/sec:   2495.53
Transfer/sec:    314.38KB
