Running 1m test @ http://10.15.40.236:8080/v2/
  2 threads and 100 connections
  Thread calibration: mean lat.: 2.437ms, rate sampling interval: 12ms
  Thread calibration: mean lat.: 5.625ms, rate sampling interval: 18ms
  Thread Stats   Avg      Stdev     Max   +/- Stdev
    Latency     4.13ms    3.07ms  28.14ms   68.81%
    Req/Sec     1.30k   795.26     2.94k    67.50%
  Latency Distribution (HdrHistogram - Recorded Latency)
 50.000%    3.08ms
 75.000%    6.47ms
 90.000%    8.68ms
 99.000%   11.75ms
 99.900%   16.19ms
 99.990%   26.32ms
 99.999%   28.05ms
100.000%   28.16ms

  Detailed Percentile spectrum:
       Value   Percentile   TotalCount 1/(1-Percentile)

       0.142     0.000000            1         1.00
       0.982     0.100000        12445         1.11
       1.385     0.200000        24889         1.25
       1.744     0.300000        37310         1.43
       2.187     0.400000        49739         1.67
       3.081     0.500000        62184         2.00
       3.663     0.550000        68395         2.22
       4.383     0.600000        74614         2.50
       5.103     0.650000        80848         2.86
       5.799     0.700000        87081         3.33
       6.475     0.750000        93278         4.00
       6.799     0.775000        96379         4.44
       7.139     0.800000        99502         5.00
       7.499     0.825000       102614         5.71
       7.867     0.850000       105708         6.67
       8.247     0.875000       108803         8.00
       8.455     0.887500       110387         8.89
       8.679     0.900000       111953        10.00
       8.911     0.912500       113486        11.43
       9.151     0.925000       115025        13.33
       9.415     0.937500       116588        16.00
       9.559     0.943750       117379        17.78
       9.719     0.950000       118172        20.00
       9.879     0.956250       118912        22.86
      10.063     0.962500       119705        26.67
      10.271     0.968750       120466        32.00
      10.391     0.971875       120866        35.56
      10.535     0.975000       121247        40.00
      10.703     0.978125       121640        45.71
      10.871     0.981250       122022        53.33
      11.095     0.984375       122418        64.00
      11.223     0.985938       122601        71.11
      11.383     0.987500       122794        80.00
      11.607     0.989062       122985        91.43
      11.855     0.990625       123180       106.67
      12.191     0.992188       123379       128.00
      12.343     0.992969       123469       142.22
      12.567     0.993750       123567       160.00
      12.839     0.994531       123664       182.86
      13.199     0.995313       123763       213.33
      13.519     0.996094       123858       256.00
      13.719     0.996484       123908       284.44
      13.943     0.996875       123957       320.00
      14.143     0.997266       124004       365.71
      14.343     0.997656       124053       426.67
      14.695     0.998047       124103       512.00
      14.959     0.998242       124125       568.89
      15.159     0.998437       124149       640.00
      15.463     0.998633       124173       731.43
      15.847     0.998828       124198       853.33
      16.279     0.999023       124222      1024.00
      16.607     0.999121       124234      1137.78
      17.263     0.999219       124246      1280.00
      17.855     0.999316       124258      1462.86
      18.655     0.999414       124272      1706.67
      19.295     0.999512       124283      2048.00
      19.519     0.999561       124289      2275.56
      19.967     0.999609       124295      2560.00
      21.087     0.999658       124301      2925.71
      21.599     0.999707       124307      3413.33
      22.655     0.999756       124313      4096.00
      23.359     0.999780       124316      4551.11
      24.287     0.999805       124319      5120.00
      24.719     0.999829       124322      5851.43
      24.943     0.999854       124325      6826.67
      25.695     0.999878       124328      8192.00
      26.015     0.999890       124330      9102.22
      26.319     0.999902       124331     10240.00
      26.543     0.999915       124333     11702.86
      26.703     0.999927       124334     13653.33
      27.087     0.999939       124336     16384.00
      27.135     0.999945       124337     18204.44
      27.135     0.999951       124337     20480.00
      27.487     0.999957       124338     23405.71
      27.567     0.999963       124339     27306.67
      27.711     0.999969       124340     32768.00
      27.711     0.999973       124340     36408.89
      27.711     0.999976       124340     40960.00
      27.823     0.999979       124341     46811.43
      27.823     0.999982       124341     54613.33
      28.047     0.999985       124342     65536.00
      28.047     0.999986       124342     72817.78
      28.047     0.999988       124342     81920.00
      28.047     0.999989       124342     93622.86
      28.047     0.999991       124342    109226.67
      28.159     0.999992       124343    131072.00
      28.159     1.000000       124343          inf
#[Mean    =        4.127, StdDeviation   =        3.071]
#[Max     =       28.144, Total count    =       124343]
#[Buckets =           27, SubBuckets     =         2048]
----------------------------------------------------------
  148614 requests in 1.00m, 18.28MB read
Requests/sec:   2476.79
Transfer/sec:    312.02KB
Running 1m test @ http://10.15.224.38:8080/v2/
  2 threads and 100 connections
  Thread calibration: mean lat.: 1.371ms, rate sampling interval: 10ms
  Thread calibration: mean lat.: 1.299ms, rate sampling interval: 10ms
  Thread Stats   Avg      Stdev     Max   +/- Stdev
    Latency     1.35ms  611.73us  11.87ms   70.68%
    Req/Sec     1.32k   230.10     2.22k    73.03%
  Latency Distribution (HdrHistogram - Recorded Latency)
 50.000%    1.32ms
 75.000%    1.69ms
 90.000%    2.08ms
 99.000%    3.05ms
 99.900%    4.95ms
 99.990%    7.65ms
 99.999%   11.74ms
100.000%   11.88ms

  Detailed Percentile spectrum:
       Value   Percentile   TotalCount 1/(1-Percentile)

       0.105     0.000000            1         1.00
       0.609     0.100000        12461         1.11
       0.810     0.200000        24875         1.25
       0.990     0.300000        37347         1.43
       1.162     0.400000        49832         1.67
       1.315     0.500000        62204         2.00
       1.389     0.550000        68479         2.22
       1.460     0.600000        74707         2.50
       1.531     0.650000        80882         2.86
       1.609     0.700000        87123         3.33
       1.694     0.750000        93338         4.00
       1.742     0.775000        96401         4.44
       1.794     0.800000        99554         5.00
       1.850     0.825000       102635         5.71
       1.911     0.850000       105753         6.67
       1.986     0.875000       108844         8.00
       2.028     0.887500       110383         8.89
       2.075     0.900000       111972        10.00
       2.131     0.912500       113520        11.43
       2.193     0.925000       115067        13.33
       2.271     0.937500       116599        16.00
       2.315     0.943750       117390        17.78
       2.365     0.950000       118169        20.00
       2.419     0.956250       118936        22.86
       2.483     0.962500       119710        26.67
       2.557     0.968750       120510        32.00
       2.603     0.971875       120882        35.56
       2.655     0.975000       121263        40.00
       2.713     0.978125       121653        45.71
       2.775     0.981250       122046        53.33
       2.861     0.984375       122437        64.00
       2.903     0.985938       122626        71.11
       2.951     0.987500       122818        80.00
       3.009     0.989062       123014        91.43
       3.081     0.990625       123209       106.67
       3.161     0.992188       123402       128.00
       3.209     0.992969       123499       142.22
       3.265     0.993750       123595       160.00
       3.347     0.994531       123693       182.86
       3.435     0.995313       123791       213.33
       3.563     0.996094       123887       256.00
       3.651     0.996484       123937       284.44
       3.749     0.996875       123984       320.00
       3.839     0.997266       124033       365.71
       4.011     0.997656       124081       426.67
       4.171     0.998047       124130       512.00
       4.283     0.998242       124154       568.89
       4.375     0.998437       124178       640.00
       4.523     0.998633       124202       731.43
       4.771     0.998828       124227       853.33
       4.999     0.999023       124251      1024.00
       5.291     0.999121       124263      1137.78
       5.503     0.999219       124275      1280.00
       5.759     0.999316       124287      1462.86
       5.979     0.999414       124300      1706.67
       6.207     0.999512       124313      2048.00
       6.279     0.999561       124318      2275.56
       6.443     0.999609       124325      2560.00
       6.523     0.999658       124330      2925.71
       6.643     0.999707       124336      3413.33
       6.975     0.999756       124342      4096.00
       7.063     0.999780       124345      4551.11
       7.227     0.999805       124348      5120.00
       7.255     0.999829       124351      5851.43
       7.363     0.999854       124354      6826.67
       7.507     0.999878       124357      8192.00
       7.639     0.999890       124359      9102.22
       7.651     0.999902       124360     10240.00
       7.775     0.999915       124362     11702.86
       7.859     0.999927       124363     13653.33
       8.263     0.999939       124365     16384.00
       8.991     0.999945       124366     18204.44
       8.991     0.999951       124366     20480.00
      10.407     0.999957       124367     23405.71
      10.599     0.999963       124368     27306.67
      11.495     0.999969       124369     32768.00
      11.495     0.999973       124369     36408.89
      11.495     0.999976       124369     40960.00
      11.535     0.999979       124370     46811.43
      11.535     0.999982       124370     54613.33
      11.743     0.999985       124371     65536.00
      11.743     0.999986       124371     72817.78
      11.743     0.999988       124371     81920.00
      11.743     0.999989       124371     93622.86
      11.743     0.999991       124371    109226.67
      11.879     0.999992       124372    131072.00
      11.879     1.000000       124372          inf
#[Mean    =        1.345, StdDeviation   =        0.612]
#[Max     =       11.872, Total count    =       124372]
#[Buckets =           27, SubBuckets     =         2048]
----------------------------------------------------------
  149738 requests in 1.00m, 18.42MB read
Requests/sec:   2495.53
Transfer/sec:    314.38KB
