Running 1m test @ http://10.15.224.38:8080/v2/
  2 threads and 100 connections
  Thread calibration: mean lat.: 1.315ms, rate sampling interval: 10ms
  Thread calibration: mean lat.: 1.365ms, rate sampling interval: 10ms
  Thread Stats   Avg      Stdev     Max   +/- Stdev
    Latency     1.38ms  719.93us  15.05ms   76.52%
    Req/Sec     1.32k   262.85     2.89k    72.57%
  Latency Distribution (HdrHistogram - Recorded Latency)
 50.000%    1.32ms
 75.000%    1.73ms
 90.000%    2.13ms
 99.000%    3.44ms
 99.900%    7.89ms
 99.990%   11.91ms
 99.999%   13.42ms
100.000%   15.06ms

  Detailed Percentile spectrum:
       Value   Percentile   TotalCount 1/(1-Percentile)

       0.079     0.000000            1         1.00
       0.595     0.100000        12485         1.11
       0.811     0.200000        24876         1.25
       1.000     0.300000        37315         1.43
       1.168     0.400000        49789         1.67
       1.324     0.500000        62271         2.00
       1.400     0.550000        68460         2.22
       1.477     0.600000        74645         2.50
       1.559     0.650000        80909         2.86
       1.642     0.700000        87096         3.33
       1.730     0.750000        93314         4.00
       1.777     0.775000        96401         4.44
       1.830     0.800000        99518         5.00
       1.888     0.825000       102622         5.71
       1.955     0.850000       105737         6.67
       2.035     0.875000       108860         8.00
       2.081     0.887500       110432         8.89
       2.131     0.900000       111956        10.00
       2.189     0.912500       113538        11.43
       2.257     0.925000       115056        13.33
       2.339     0.937500       116621        16.00
       2.385     0.943750       117399        17.78
       2.437     0.950000       118170        20.00
       2.501     0.956250       118942        22.86
       2.575     0.962500       119722        26.67
       2.673     0.968750       120499        32.00
       2.721     0.971875       120881        35.56
       2.785     0.975000       121280        40.00
       2.863     0.978125       121665        45.71
       2.965     0.981250       122045        53.33
       3.085     0.984375       122433        64.00
       3.161     0.985938       122625        71.11
       3.259     0.987500       122818        80.00
       3.375     0.989062       123015        91.43
       3.495     0.990625       123209       106.67
       3.697     0.992188       123404       128.00
       3.829     0.992969       123498       142.22
       4.009     0.993750       123596       160.00
       4.203     0.994531       123692       182.86
       4.427     0.995313       123791       213.33
       4.819     0.996094       123887       256.00
       5.011     0.996484       123935       284.44
       5.255     0.996875       123985       320.00
       5.567     0.997266       124033       365.71
       6.135     0.997656       124081       426.67
       6.743     0.998047       124130       512.00
       6.915     0.998242       124154       568.89
       7.247     0.998437       124178       640.00
       7.435     0.998633       124203       731.43
       7.731     0.998828       124227       853.33
       7.927     0.999023       124251      1024.00
       8.167     0.999121       124263      1137.78
       8.391     0.999219       124275      1280.00
       8.647     0.999316       124287      1462.86
       8.911     0.999414       124301      1706.67
       9.159     0.999512       124312      2048.00
       9.535     0.999561       124318      2275.56
       9.671     0.999609       124324      2560.00
       9.759     0.999658       124330      2925.71
       9.991     0.999707       124336      3413.33
      10.487     0.999756       124342      4096.00
      10.919     0.999780       124345      4551.11
      11.063     0.999805       124348      5120.00
      11.551     0.999829       124351      5851.43
      11.631     0.999854       124354      6826.67
      11.823     0.999878       124357      8192.00
      11.879     0.999890       124359      9102.22
      11.911     0.999902       124360     10240.00
      12.167     0.999915       124362     11702.86
      12.231     0.999927       124363     13653.33
      12.767     0.999939       124365     16384.00
      12.847     0.999945       124367     18204.44
      12.847     0.999951       124367     20480.00
      12.847     0.999957       124367     23405.71
      12.943     0.999963       124368     27306.67
      13.023     0.999969       124369     32768.00
      13.023     0.999973       124369     36408.89
      13.023     0.999976       124369     40960.00
      13.159     0.999979       124370     46811.43
      13.159     0.999982       124370     54613.33
      13.423     0.999985       124371     65536.00
      13.423     0.999986       124371     72817.78
      13.423     0.999988       124371     81920.00
      13.423     0.999989       124371     93622.86
      13.423     0.999991       124371    109226.67
      15.055     0.999992       124372    131072.00
      15.055     1.000000       124372          inf
#[Mean    =        1.379, StdDeviation   =        0.720]
#[Max     =       15.048, Total count    =       124372]
#[Buckets =           27, SubBuckets     =         2048]
----------------------------------------------------------
  149738 requests in 1.00m, 18.42MB read
Requests/sec:   2495.54
Transfer/sec:    314.38KB
