Running 1m test @ http://172.17.0.3:8080/v2/
  2 threads and 100 connections
  Thread calibration: mean lat.: 1.420ms, rate sampling interval: 10ms
  Thread calibration: mean lat.: 1.507ms, rate sampling interval: 10ms
  Thread Stats   Avg      Stdev     Max   +/- Stdev
    Latency     1.26ms    0.88ms  32.99ms   91.08%
    Req/Sec     1.32k   221.56     3.11k    76.37%
  Latency Distribution (HdrHistogram - Recorded Latency)
 50.000%    1.20ms
 75.000%    1.54ms
 90.000%    1.88ms
 99.000%    3.44ms
 99.900%   12.30ms
 99.990%   26.14ms
 99.999%   32.43ms
100.000%   33.02ms

  Detailed Percentile spectrum:
       Value   Percentile   TotalCount 1/(1-Percentile)

       0.096     0.000000            1         1.00
       0.537     0.100000        12469         1.11
       0.742     0.200000        24913         1.25
       0.915     0.300000        37390         1.43
       1.064     0.400000        49779         1.67
       1.198     0.500000        62187         2.00
       1.263     0.550000        68429         2.22
       1.327     0.600000        74693         2.50
       1.391     0.650000        80842         2.86
       1.461     0.700000        87119         3.33
       1.539     0.750000        93293         4.00
       1.582     0.775000        96444         4.44
       1.627     0.800000        99505         5.00
       1.678     0.825000       102681         5.71
       1.734     0.850000       105745         6.67
       1.799     0.875000       108869         8.00
       1.837     0.887500       110416         8.89
       1.878     0.900000       111938        10.00
       1.926     0.912500       113506        11.43
       1.980     0.925000       115046        13.33
       2.046     0.937500       116616        16.00
       2.085     0.943750       117387        17.78
       2.133     0.950000       118175        20.00
       2.191     0.956250       118943        22.86
       2.259     0.962500       119714        26.67
       2.347     0.968750       120486        32.00
       2.401     0.971875       120877        35.56
       2.465     0.975000       121264        40.00
       2.547     0.978125       121660        45.71
       2.659     0.981250       122041        53.33
       2.823     0.984375       122430        64.00
       2.923     0.985938       122625        71.11
       3.069     0.987500       122821        80.00
       3.267     0.989062       123012        91.43
       3.565     0.990625       123208       106.67
       3.957     0.992188       123403       128.00
       4.203     0.992969       123498       142.22
       4.515     0.993750       123595       160.00
       4.867     0.994531       123693       182.86
       5.407     0.995313       123790       213.33
       5.975     0.996094       123888       256.00
       6.747     0.996484       123935       284.44
       7.511     0.996875       123984       320.00
       7.931     0.997266       124034       365.71
       8.303     0.997656       124082       426.67
       8.871     0.998047       124130       512.00
       9.279     0.998242       124154       568.89
      10.103     0.998437       124178       640.00
      10.863     0.998633       124202       731.43
      11.287     0.998828       124227       853.33
      12.351     0.999023       124252      1024.00
      12.863     0.999121       124263      1137.78
      13.199     0.999219       124275      1280.00
      13.823     0.999316       124287      1462.86
      14.399     0.999414       124300      1706.67
      16.495     0.999512       124312      2048.00
      16.751     0.999561       124318      2275.56
      17.375     0.999609       124324      2560.00
      17.839     0.999658       124330      2925.71
      18.383     0.999707       124336      3413.33
      18.863     0.999756       124342      4096.00
      19.999     0.999780       124346      4551.11
      20.335     0.999805       124348      5120.00
      20.543     0.999829       124351      5851.43
      22.079     0.999854       124354      6826.67
      22.399     0.999878       124357      8192.00
      22.495     0.999890       124359      9102.22
      26.143     0.999902       124360     10240.00
      30.543     0.999915       124362     11702.86
      30.575     0.999927       124363     13653.33
      30.591     0.999939       124365     16384.00
      30.639     0.999945       124366     18204.44
      30.639     0.999951       124366     20480.00
      30.703     0.999957       124367     23405.71
      31.999     0.999963       124368     27306.67
      32.303     0.999969       124370     32768.00
      32.303     0.999973       124370     36408.89
      32.303     0.999976       124370     40960.00
      32.303     0.999979       124370     46811.43
      32.303     0.999982       124370     54613.33
      32.431     0.999985       124371     65536.00
      32.431     0.999986       124371     72817.78
      32.431     0.999988       124371     81920.00
      32.431     0.999989       124371     93622.86
      32.431     0.999991       124371    109226.67
      33.023     0.999992       124372    131072.00
      33.023     1.000000       124372          inf
#[Mean    =        1.259, StdDeviation   =        0.882]
#[Max     =       32.992, Total count    =       124372]
#[Buckets =           27, SubBuckets     =         2048]
----------------------------------------------------------
  149738 requests in 1.00m, 18.42MB read
Requests/sec:   2495.58
Transfer/sec:    314.38KB
