Running 1m test @ http://10.15.224.38:8080/v2/
  2 threads and 100 connections
  Thread calibration: mean lat.: 1.351ms, rate sampling interval: 10ms
  Thread calibration: mean lat.: 1.264ms, rate sampling interval: 10ms
  Thread Stats   Avg      Stdev     Max   +/- Stdev
    Latency     1.42ms    1.07ms  31.14ms   92.44%
    Req/Sec     1.32k   239.46     3.11k    76.25%
  Latency Distribution (HdrHistogram - Recorded Latency)
 50.000%    1.32ms
 75.000%    1.73ms
 90.000%    2.15ms
 99.000%    4.22ms
 99.900%   15.50ms
 99.990%   27.41ms
 99.999%   30.90ms
100.000%   31.15ms

  Detailed Percentile spectrum:
       Value   Percentile   TotalCount 1/(1-Percentile)

       0.115     0.000000            1         1.00
       0.598     0.100000        12466         1.11
       0.809     0.200000        24919         1.25
       0.992     0.300000        37389         1.43
       1.158     0.400000        49758         1.67
       1.318     0.500000        62245         2.00
       1.396     0.550000        68477         2.22
       1.474     0.600000        74628         2.50
       1.554     0.650000        80863         2.86
       1.638     0.700000        87120         3.33
       1.729     0.750000        93321         4.00
       1.780     0.775000        96429         4.44
       1.834     0.800000        99531         5.00
       1.895     0.825000       102652         5.71
       1.964     0.850000       105740         6.67
       2.049     0.875000       108866         8.00
       2.099     0.887500       110434         8.89
       2.155     0.900000       111960        10.00
       2.219     0.912500       113521        11.43
       2.293     0.925000       115057        13.33
       2.389     0.937500       116611        16.00
       2.447     0.943750       117381        17.78
       2.513     0.950000       118160        20.00
       2.593     0.956250       118932        22.86
       2.699     0.962500       119714        26.67
       2.827     0.968750       120492        32.00
       2.907     0.971875       120875        35.56
       2.999     0.975000       121269        40.00
       3.117     0.978125       121654        45.71
       3.255     0.981250       122041        53.33
       3.447     0.984375       122433        64.00
       3.575     0.985938       122624        71.11
       3.743     0.987500       122818        80.00
       4.035     0.989062       123013        91.43
       4.363     0.990625       123209       106.67
       4.871     0.992188       123401       128.00
       5.283     0.992969       123498       142.22
       5.747     0.993750       123596       160.00
       6.315     0.994531       123694       182.86
       6.851     0.995313       123790       213.33
       7.643     0.996094       123887       256.00
       8.223     0.996484       123935       284.44
       8.663     0.996875       123984       320.00
       9.487     0.997266       124032       365.71
      11.127     0.997656       124081       426.67
      12.551     0.998047       124130       512.00
      13.031     0.998242       124154       568.89
      13.527     0.998437       124178       640.00
      13.935     0.998633       124202       731.43
      14.943     0.998828       124227       853.33
      15.687     0.999023       124251      1024.00
      16.143     0.999121       124263      1137.78
      16.575     0.999219       124275      1280.00
      17.167     0.999316       124287      1462.86
      17.615     0.999414       124300      1706.67
      18.287     0.999512       124312      2048.00
      19.503     0.999561       124318      2275.56
      20.191     0.999609       124325      2560.00
      20.415     0.999658       124330      2925.71
      22.111     0.999707       124336      3413.33
      22.863     0.999756       124342      4096.00
      23.311     0.999780       124345      4551.11
      23.743     0.999805       124348      5120.00
      25.903     0.999829       124351      5851.43
      26.351     0.999854       124354      6826.67
      26.447     0.999878       124357      8192.00
      27.119     0.999890       124359      9102.22
      27.407     0.999902       124360     10240.00
      27.759     0.999915       124362     11702.86
      27.983     0.999927       124363     13653.33
      29.375     0.999939       124365     16384.00
      29.823     0.999945       124366     18204.44
      29.823     0.999951       124366     20480.00
      29.967     0.999957       124367     23405.71
      30.047     0.999963       124368     27306.67
      30.191     0.999969       124369     32768.00
      30.191     0.999973       124369     36408.89
      30.191     0.999976       124369     40960.00
      30.367     0.999979       124370     46811.43
      30.367     0.999982       124370     54613.33
      30.895     0.999985       124371     65536.00
      30.895     0.999986       124371     72817.78
      30.895     0.999988       124371     81920.00
      30.895     0.999989       124371     93622.86
      30.895     0.999991       124371    109226.67
      31.151     0.999992       124372    131072.00
      31.151     1.000000       124372          inf
#[Mean    =        1.422, StdDeviation   =        1.066]
#[Max     =       31.136, Total count    =       124372]
#[Buckets =           27, SubBuckets     =         2048]
----------------------------------------------------------
  149738 requests in 1.00m, 18.42MB read
Requests/sec:   2495.57
Transfer/sec:    314.38KB
