Running 1m test @ http://10.15.224.38:8080/v2/
  2 threads and 100 connections
  Thread calibration: mean lat.: 40.162ms, rate sampling interval: 119ms
  Thread calibration: mean lat.: 40.063ms, rate sampling interval: 118ms
  Thread Stats   Avg      Stdev     Max   +/- Stdev
    Latency    51.18ms   22.57ms 146.30ms   66.60%
    Req/Sec     1.25k   123.75     1.62k    67.46%
  Latency Distribution (HdrHistogram - Recorded Latency)
 50.000%   48.67ms
 75.000%   65.66ms
 90.000%   83.46ms
 99.000%  109.25ms
 99.900%  127.36ms
 99.990%  139.52ms
 99.999%  146.30ms
100.000%  146.43ms

  Detailed Percentile spectrum:
       Value   Percentile   TotalCount 1/(1-Percentile)

       0.580     0.000000            1         1.00
      23.999     0.100000        12428         1.11
      30.895     0.200000        24878         1.25
      37.023     0.300000        37351         1.43
      42.879     0.400000        49750         1.67
      48.671     0.500000        62186         2.00
      51.583     0.550000        68397         2.22
      54.655     0.600000        74599         2.50
      57.951     0.650000        80785         2.86
      61.663     0.700000        87021         3.33
      65.663     0.750000        93221         4.00
      67.967     0.775000        96353         4.44
      70.335     0.800000        99443         5.00
      73.023     0.825000       102524         5.71
      76.351     0.850000       105667         6.67
      79.743     0.875000       108738         8.00
      81.663     0.887500       110316         8.89
      83.455     0.900000       111891        10.00
      85.311     0.912500       113383        11.43
      87.359     0.925000       114964        13.33
      89.535     0.937500       116507        16.00
      90.815     0.943750       117301        17.78
      92.159     0.950000       118052        20.00
      93.631     0.956250       118826        22.86
      95.423     0.962500       119610        26.67
      97.407     0.968750       120387        32.00
      98.367     0.971875       120757        35.56
      99.583     0.975000       121155        40.00
     100.991     0.978125       121540        45.71
     102.399     0.981250       121923        53.33
     104.319     0.984375       122313        64.00
     105.663     0.985938       122509        71.11
     107.135     0.987500       122705        80.00
     108.543     0.989062       122895        91.43
     110.015     0.990625       123093       106.67
     111.871     0.992188       123287       128.00
     112.639     0.992969       123384       142.22
     113.599     0.993750       123475       160.00
     114.751     0.994531       123574       182.86
     116.223     0.995313       123670       213.33
     117.439     0.996094       123769       256.00
     118.335     0.996484       123817       284.44
     119.487     0.996875       123864       320.00
     120.511     0.997266       123913       365.71
     121.535     0.997656       123960       426.67
     122.879     0.998047       124009       512.00
     123.455     0.998242       124033       568.89
     124.095     0.998437       124059       640.00
     124.735     0.998633       124085       731.43
     125.759     0.998828       124106       853.33
     127.423     0.999023       124132      1024.00
     127.871     0.999121       124142      1137.78
     128.319     0.999219       124155      1280.00
     128.831     0.999316       124167      1462.86
     129.663     0.999414       124180      1706.67
     132.351     0.999512       124193      2048.00
     132.863     0.999561       124199      2275.56
     133.247     0.999609       124203      2560.00
     133.759     0.999658       124209      2925.71
     134.399     0.999707       124215      3413.33
     134.911     0.999756       124221      4096.00
     135.167     0.999780       124224      4551.11
     136.191     0.999805       124229      5120.00
     136.575     0.999829       124230      5851.43
     138.495     0.999854       124234      6826.67
     138.879     0.999878       124236      8192.00
     139.391     0.999890       124238      9102.22
     139.519     0.999902       124239     10240.00
     141.183     0.999915       124241     11702.86
     141.311     0.999927       124242     13653.33
     143.103     0.999939       124244     16384.00
     143.231     0.999945       124246     18204.44
     143.231     0.999951       124246     20480.00
     143.231     0.999957       124246     23405.71
     143.359     0.999963       124247     27306.67
     143.487     0.999969       124248     32768.00
     143.487     0.999973       124248     36408.89
     143.487     0.999976       124248     40960.00
     146.047     0.999979       124249     46811.43
     146.047     0.999982       124249     54613.33
     146.303     0.999985       124250     65536.00
     146.303     0.999986       124250     72817.78
     146.303     0.999988       124250     81920.00
     146.303     0.999989       124250     93622.86
     146.303     0.999991       124250    109226.67
     146.431     0.999992       124251    131072.00
     146.431     1.000000       124251          inf
#[Mean    =       51.183, StdDeviation   =       22.574]
#[Max     =      146.304, Total count    =       124251]
#[Buckets =           27, SubBuckets     =         2048]
----------------------------------------------------------
  149483 requests in 1.00m, 25.50MB read
Requests/sec:   2491.34
Transfer/sec:    435.18KB
