Running 1m test @ http://10.15.40.236:8080/v2/
  2 threads and 100 connections
  Thread calibration: mean lat.: 1.444ms, rate sampling interval: 10ms
  Thread calibration: mean lat.: 1.603ms, rate sampling interval: 10ms
  Thread Stats   Avg      Stdev     Max   +/- Stdev
    Latency     1.47ms  660.81us  21.26ms   74.82%
    Req/Sec     1.32k   198.84     3.44k    72.67%
  Latency Distribution (HdrHistogram - Recorded Latency)
 50.000%    1.44ms
 75.000%    1.83ms
 90.000%    2.19ms
 99.000%    3.12ms
 99.900%    6.41ms
 99.990%   14.42ms
 99.999%   20.06ms
100.000%   21.28ms

  Detailed Percentile spectrum:
       Value   Percentile   TotalCount 1/(1-Percentile)

       0.095     0.000000            1         1.00
       0.711     0.100000        12480         1.11
       0.946     0.200000        24930         1.25
       1.129     0.300000        37314         1.43
       1.289     0.400000        49797         1.67
       1.439     0.500000        62211         2.00
       1.511     0.550000        68463         2.22
       1.583     0.600000        74650         2.50
       1.659     0.650000        80906         2.86
       1.739     0.700000        87117         3.33
       1.825     0.750000        93315         4.00
       1.872     0.775000        96417         4.44
       1.922     0.800000        99511         5.00
       1.974     0.825000       102608         5.71
       2.035     0.850000       105727         6.67
       2.105     0.875000       108900         8.00
       2.145     0.887500       110436         8.89
       2.189     0.900000       111945        10.00
       2.241     0.912500       113536        11.43
       2.295     0.925000       115073        13.33
       2.367     0.937500       116634        16.00
       2.405     0.943750       117387        17.78
       2.449     0.950000       118161        20.00
       2.499     0.956250       118948        22.86
       2.559     0.962500       119727        26.67
       2.629     0.968750       120495        32.00
       2.667     0.971875       120882        35.56
       2.715     0.975000       121265        40.00
       2.765     0.978125       121658        45.71
       2.823     0.981250       122046        53.33
       2.903     0.984375       122429        64.00
       2.951     0.985938       122630        71.11
       3.005     0.987500       122825        80.00
       3.071     0.989062       123016        91.43
       3.153     0.990625       123211       106.67
       3.261     0.992188       123402       128.00
       3.331     0.992969       123500       142.22
       3.407     0.993750       123597       160.00
       3.503     0.994531       123693       182.86
       3.649     0.995313       123791       213.33
       3.813     0.996094       123887       256.00
       3.945     0.996484       123935       284.44
       4.077     0.996875       123984       320.00
       4.271     0.997266       124032       365.71
       4.531     0.997656       124081       426.67
       4.879     0.998047       124130       512.00
       5.219     0.998242       124154       568.89
       5.447     0.998437       124178       640.00
       5.691     0.998633       124202       731.43
       5.919     0.998828       124227       853.33
       6.491     0.999023       124251      1024.00
       6.907     0.999121       124263      1137.78
       7.315     0.999219       124275      1280.00
       7.587     0.999316       124287      1462.86
       8.039     0.999414       124300      1706.67
       8.999     0.999512       124312      2048.00
       9.383     0.999561       124318      2275.56
       9.623     0.999609       124324      2560.00
       9.695     0.999658       124330      2925.71
      10.071     0.999707       124336      3413.33
      10.591     0.999756       124342      4096.00
      10.831     0.999780       124345      4551.11
      11.031     0.999805       124348      5120.00
      11.687     0.999829       124351      5851.43
      11.863     0.999854       124354      6826.67
      14.231     0.999878       124357      8192.00
      14.407     0.999890       124359      9102.22
      14.423     0.999902       124360     10240.00
      14.583     0.999915       124362     11702.86
      14.735     0.999927       124363     13653.33
      14.807     0.999939       124365     16384.00
      15.287     0.999945       124366     18204.44
      15.287     0.999951       124366     20480.00
      18.975     0.999957       124367     23405.71
      19.183     0.999963       124368     27306.67
      19.391     0.999969       124369     32768.00
      19.391     0.999973       124369     36408.89
      19.391     0.999976       124369     40960.00
      19.567     0.999979       124370     46811.43
      19.567     0.999982       124370     54613.33
      20.063     0.999985       124371     65536.00
      20.063     0.999986       124371     72817.78
      20.063     0.999988       124371     81920.00
      20.063     0.999989       124371     93622.86
      20.063     0.999991       124371    109226.67
      21.279     0.999992       124372    131072.00
      21.279     1.000000       124372          inf
#[Mean    =        1.467, StdDeviation   =        0.661]
#[Max     =       21.264, Total count    =       124372]
#[Buckets =           27, SubBuckets     =         2048]
----------------------------------------------------------
  149738 requests in 1.00m, 18.42MB read
Requests/sec:   2495.48
Transfer/sec:    314.37KB
Running 1m test @ http://10.15.224.38:8080/v2/
  2 threads and 100 connections
  Thread calibration: mean lat.: 1.269ms, rate sampling interval: 10ms
  Thread calibration: mean lat.: 1.282ms, rate sampling interval: 10ms
^[[A^[[B  Thread Stats   Avg      Stdev     Max   +/- Stdev
    Latency     1.26ms  546.23us  10.56ms   71.06%
    Req/Sec     1.32k   192.87     2.30k    75.19%
  Latency Distribution (HdrHistogram - Recorded Latency)
 50.000%    1.26ms
 75.000%    1.58ms
 90.000%    1.88ms
 99.000%    2.73ms
 99.900%    4.91ms
 99.990%    8.02ms
 99.999%   10.55ms
100.000%   10.57ms

  Detailed Percentile spectrum:
       Value   Percentile   TotalCount 1/(1-Percentile)

       0.094     0.000000            1         1.00
       0.580     0.100000        12453         1.11
       0.784     0.200000        24910         1.25
       0.955     0.300000        37347         1.43
       1.116     0.400000        49802         1.67
       1.258     0.500000        62214         2.00
       1.323     0.550000        68481         2.22
       1.385     0.600000        74654         2.50
       1.447     0.650000        80905         2.86
       1.511     0.700000        87080         3.33
       1.582     0.750000        93330         4.00
       1.620     0.775000        96440         4.44
       1.661     0.800000        99559         5.00
       1.707     0.825000       102675         5.71
       1.758     0.850000       105747         6.67
       1.814     0.875000       108849         8.00
       1.848     0.887500       110384         8.89
       1.885     0.900000       111949        10.00
       1.925     0.912500       113517        11.43
       1.974     0.925000       115063        13.33
       2.036     0.937500       116600        16.00
       2.073     0.943750       117403        17.78
       2.113     0.950000       118177        20.00
       2.157     0.956250       118941        22.86
       2.213     0.962500       119709        26.67
       2.281     0.968750       120490        32.00
       2.321     0.971875       120885        35.56
       2.363     0.975000       121263        40.00
       2.419     0.978125       121654        45.71
       2.479     0.981250       122053        53.33
       2.547     0.984375       122429        64.00
       2.591     0.985938       122635        71.11
       2.639     0.987500       122824        80.00
       2.693     0.989062       123013        91.43
       2.755     0.990625       123207       106.67
       2.845     0.992188       123401       128.00
       2.891     0.992969       123498       142.22
       2.951     0.993750       123595       160.00
       3.011     0.994531       123694       182.86
       3.095     0.995313       123792       213.33
       3.215     0.996094       123890       256.00
       3.297     0.996484       123935       284.44
       3.395     0.996875       123985       320.00
       3.499     0.997266       124032       365.71
       3.643     0.997656       124081       426.67
       3.833     0.998047       124130       512.00
       3.973     0.998242       124154       568.89
       4.163     0.998437       124178       640.00
       4.331     0.998633       124203       731.43
       4.651     0.998828       124227       853.33
       4.975     0.999023       124251      1024.00
       5.163     0.999121       124264      1137.78
       5.255     0.999219       124275      1280.00
       5.367     0.999316       124287      1462.86
       5.483     0.999414       124300      1706.67
       5.631     0.999512       124312      2048.00
       5.767     0.999561       124318      2275.56
       5.823     0.999609       124324      2560.00
       5.911     0.999658       124330      2925.71
       6.015     0.999707       124336      3413.33
       6.611     0.999756       124342      4096.00
       6.663     0.999780       124345      4551.11
       7.007     0.999805       124348      5120.00
       7.119     0.999829       124351      5851.43
       7.423     0.999854       124354      6826.67
       7.635     0.999878       124357      8192.00
       7.979     0.999890       124359      9102.22
       8.019     0.999902       124360     10240.00
       8.479     0.999915       124363     11702.86
       8.479     0.999927       124363     13653.33
       8.503     0.999939       124365     16384.00
       8.511     0.999945       124366     18204.44
       8.511     0.999951       124366     20480.00
       8.615     0.999957       124367     23405.71
       8.639     0.999963       124368     27306.67
       8.967     0.999969       124369     32768.00
       8.967     0.999973       124369     36408.89
       8.967     0.999976       124369     40960.00
       9.087     0.999979       124370     46811.43
       9.087     0.999982       124370     54613.33
      10.551     0.999985       124371     65536.00
      10.551     0.999986       124371     72817.78
      10.551     0.999988       124371     81920.00
      10.551     0.999989       124371     93622.86
      10.551     0.999991       124371    109226.67
      10.567     0.999992       124372    131072.00
      10.567     1.000000       124372          inf
#[Mean    =        1.260, StdDeviation   =        0.546]
#[Max     =       10.560, Total count    =       124372]
#[Buckets =           27, SubBuckets     =         2048]
----------------------------------------------------------
  149738 requests in 1.00m, 18.42MB read
Requests/sec:   2495.56
Transfer/sec:    314.38KB
