Running 1m test @ http://10.15.224.38:8080/v2/
  2 threads and 100 connections
  Thread calibration: mean lat.: 1.294ms, rate sampling interval: 10ms
  Thread calibration: mean lat.: 1.297ms, rate sampling interval: 10ms
  Thread Stats   Avg      Stdev     Max   +/- Stdev
    Latency     1.63ms    2.56ms  85.38ms   98.12%
    Req/Sec     1.32k   253.95     4.40k    80.18%
  Latency Distribution (HdrHistogram - Recorded Latency)
 50.000%    1.35ms
 75.000%    1.74ms
 90.000%    2.22ms
 99.000%    7.97ms
 99.900%   41.63ms
 99.990%   61.82ms
 99.999%   67.33ms
100.000%   85.44ms

  Detailed Percentile spectrum:
       Value   Percentile   TotalCount 1/(1-Percentile)

       0.137     0.000000            1         1.00
       0.643     0.100000        12446         1.11
       0.870     0.200000        24909         1.25
       1.051     0.300000        37350         1.43
       1.206     0.400000        49764         1.67
       1.348     0.500000        62237         2.00
       1.420     0.550000        68473         2.22
       1.492     0.600000        74645         2.50
       1.569     0.650000        80854         2.86
       1.652     0.700000        87115         3.33
       1.743     0.750000        93309         4.00
       1.795     0.775000        96403         4.44
       1.853     0.800000        99554         5.00
       1.918     0.825000       102643         5.71
       1.996     0.850000       105734         6.67
       2.091     0.875000       108869         8.00
       2.151     0.887500       110399         8.89
       2.219     0.900000       111953        10.00
       2.301     0.912500       113511        11.43
       2.395     0.925000       115056        13.33
       2.519     0.937500       116611        16.00
       2.595     0.943750       117390        17.78
       2.697     0.950000       118173        20.00
       2.813     0.956250       118937        22.86
       2.967     0.962500       119717        26.67
       3.173     0.968750       120491        32.00
       3.327     0.971875       120875        35.56
       3.529     0.975000       121265        40.00
       3.795     0.978125       121654        45.71
       4.199     0.981250       122042        53.33
       5.003     0.984375       122430        64.00
       5.527     0.985938       122624        71.11
       6.147     0.987500       122819        80.00
       7.139     0.989062       123012        91.43
       8.503     0.990625       123207       106.67
      10.839     0.992188       123401       128.00
      12.479     0.992969       123498       142.22
      14.415     0.993750       123595       160.00
      16.687     0.994531       123692       182.86
      19.487     0.995313       123790       213.33
      23.471     0.996094       123887       256.00
      24.767     0.996484       123935       284.44
      26.703     0.996875       123984       320.00
      28.527     0.997266       124032       365.71
      30.239     0.997656       124081       426.67
      33.247     0.998047       124130       512.00
      34.111     0.998242       124155       568.89
      35.423     0.998437       124180       640.00
      36.959     0.998633       124203       731.43
      38.527     0.998828       124227       853.33
      41.887     0.999023       124251      1024.00
      42.431     0.999121       124264      1137.78
      43.551     0.999219       124275      1280.00
      46.015     0.999316       124288      1462.86
      47.743     0.999414       124300      1706.67
      49.695     0.999512       124312      2048.00
      50.175     0.999561       124318      2275.56
      51.679     0.999609       124324      2560.00
      53.695     0.999658       124330      2925.71
      54.975     0.999707       124336      3413.33
      56.479     0.999756       124342      4096.00
      57.279     0.999780       124345      4551.11
      57.471     0.999805       124348      5120.00
      58.815     0.999829       124351      5851.43
      59.423     0.999854       124354      6826.67
      61.535     0.999878       124357      8192.00
      61.695     0.999890       124359      9102.22
      61.823     0.999902       124360     10240.00
      62.079     0.999915       124362     11702.86
      65.535     0.999927       124363     13653.33
      65.663     0.999939       124367     16384.00
      65.663     0.999945       124367     18204.44
      65.663     0.999951       124367     20480.00
      65.663     0.999957       124367     23405.71
      66.047     0.999963       124368     27306.67
      67.071     0.999969       124369     32768.00
      67.071     0.999973       124369     36408.89
      67.071     0.999976       124369     40960.00
      67.263     0.999979       124370     46811.43
      67.263     0.999982       124370     54613.33
      67.327     0.999985       124371     65536.00
      67.327     0.999986       124371     72817.78
      67.327     0.999988       124371     81920.00
      67.327     0.999989       124371     93622.86
      67.327     0.999991       124371    109226.67
      85.439     0.999992       124372    131072.00
      85.439     1.000000       124372          inf
#[Mean    =        1.627, StdDeviation   =        2.564]
#[Max     =       85.376, Total count    =       124372]
#[Buckets =           27, SubBuckets     =         2048]
----------------------------------------------------------
  149738 requests in 1.00m, 18.42MB read
Requests/sec:   2495.51
Transfer/sec:    314.38KB
