Running 1m test @ http://172.17.0.3:8080/v2/
  2 threads and 100 connections
  Thread calibration: mean lat.: 1.132ms, rate sampling interval: 10ms
  Thread calibration: mean lat.: 1.144ms, rate sampling interval: 10ms
  Thread Stats   Avg      Stdev     Max   +/- Stdev
    Latency     1.35ms    1.29ms  35.65ms   96.75%
    Req/Sec     1.32k   248.69     3.60k    80.22%
  Latency Distribution (HdrHistogram - Recorded Latency)
 50.000%    1.23ms
 75.000%    1.60ms
 90.000%    2.00ms
 99.000%    4.32ms
 99.900%   20.93ms
 99.990%   33.34ms
 99.999%   35.55ms
100.000%   35.68ms

  Detailed Percentile spectrum:
       Value   Percentile   TotalCount 1/(1-Percentile)

       0.123     0.000000            1         1.00
       0.555     0.100000        12481         1.11
       0.761     0.200000        24939         1.25
       0.935     0.300000        37373         1.43
       1.088     0.400000        49774         1.67
       1.225     0.500000        62207         2.00
       1.293     0.550000        68445         2.22
       1.362     0.600000        74660         2.50
       1.432     0.650000        80870         2.86
       1.510     0.700000        87072         3.33
       1.595     0.750000        93295         4.00
       1.644     0.775000        96416         4.44
       1.696     0.800000        99501         5.00
       1.755     0.825000       102634         5.71
       1.824     0.850000       105757         6.67
       1.903     0.875000       108835         8.00
       1.950     0.887500       110415         8.89
       2.001     0.900000       111971        10.00
       2.061     0.912500       113537        11.43
       2.131     0.925000       115086        13.33
       2.223     0.937500       116617        16.00
       2.279     0.943750       117382        17.78
       2.345     0.950000       118168        20.00
       2.431     0.956250       118940        22.86
       2.527     0.962500       119710        26.67
       2.669     0.968750       120492        32.00
       2.759     0.971875       120876        35.56
       2.873     0.975000       121265        40.00
       3.015     0.978125       121657        45.71
       3.187     0.981250       122041        53.33
       3.425     0.984375       122432        64.00
       3.621     0.985938       122625        71.11
       3.839     0.987500       122818        80.00
       4.099     0.989062       123014        91.43
       4.451     0.990625       123210       106.67
       5.031     0.992188       123401       128.00
       5.571     0.992969       123498       142.22
       6.303     0.993750       123595       160.00
       7.179     0.994531       123694       182.86
       7.755     0.995313       123790       213.33
       8.919     0.996094       123887       256.00
       9.439     0.996484       123935       284.44
      10.103     0.996875       123984       320.00
      11.567     0.997266       124032       365.71
      13.135     0.997656       124081       426.67
      14.719     0.998047       124130       512.00
      15.991     0.998242       124154       568.89
      16.927     0.998437       124178       640.00
      18.607     0.998633       124202       731.43
      19.743     0.998828       124228       853.33
      21.615     0.999023       124251      1024.00
      22.703     0.999121       124264      1137.78
      23.839     0.999219       124275      1280.00
      25.407     0.999316       124287      1462.86
      27.199     0.999414       124300      1706.67
      27.871     0.999512       124312      2048.00
      28.159     0.999561       124319      2275.56
      28.223     0.999609       124324      2560.00
      29.103     0.999658       124330      2925.71
      29.231     0.999707       124336      3413.33
      30.367     0.999756       124342      4096.00
      30.735     0.999780       124345      4551.11
      31.663     0.999805       124348      5120.00
      32.991     0.999829       124351      5851.43
      33.119     0.999854       124354      6826.67
      33.183     0.999878       124357      8192.00
      33.247     0.999890       124359      9102.22
      33.343     0.999902       124360     10240.00
      34.591     0.999915       124363     11702.86
      34.591     0.999927       124363     13653.33
      34.687     0.999939       124365     16384.00
      34.751     0.999945       124366     18204.44
      34.751     0.999951       124366     20480.00
      35.391     0.999957       124367     23405.71
      35.423     0.999963       124368     27306.67
      35.551     0.999969       124371     32768.00
      35.551     0.999973       124371     36408.89
      35.551     0.999976       124371     40960.00
      35.551     0.999979       124371     46811.43
      35.551     0.999982       124371     54613.33
      35.551     0.999985       124371     65536.00
      35.551     0.999986       124371     72817.78
      35.551     0.999988       124371     81920.00
      35.551     0.999989       124371     93622.86
      35.551     0.999991       124371    109226.67
      35.679     0.999992       124372    131072.00
      35.679     1.000000       124372          inf
#[Mean    =        1.350, StdDeviation   =        1.287]
#[Max     =       35.648, Total count    =       124372]
#[Buckets =           27, SubBuckets     =         2048]
----------------------------------------------------------
  149738 requests in 1.00m, 18.42MB read
Requests/sec:   2495.54
Transfer/sec:    314.38KB
