Running 1m test @ http://10.15.224.38:8080/v2/
  2 threads and 100 connections
  Thread calibration: mean lat.: 1.262ms, rate sampling interval: 10ms
  Thread calibration: mean lat.: 1.308ms, rate sampling interval: 10ms
  Thread Stats   Avg      Stdev     Max   +/- Stdev
    Latency     1.32ms  609.12us  13.78ms   72.20%
    Req/Sec     1.32k   218.91     2.78k    74.81%
  Latency Distribution (HdrHistogram - Recorded Latency)
 50.000%    1.28ms
 75.000%    1.67ms
 90.000%    2.02ms
 99.000%    2.92ms
 99.900%    5.61ms
 99.990%   11.20ms
 99.999%   13.28ms
100.000%   13.78ms

  Detailed Percentile spectrum:
       Value   Percentile   TotalCount 1/(1-Percentile)

       0.137     0.000000            1         1.00
       0.601     0.100000        12451         1.11
       0.804     0.200000        24895         1.25
       0.983     0.300000        37313         1.43
       1.139     0.400000        49813         1.67
       1.284     0.500000        62226         2.00
       1.357     0.550000        68453         2.22
       1.432     0.600000        74664         2.50
       1.508     0.650000        80872         2.86
       1.587     0.700000        87062         3.33
       1.671     0.750000        93284         4.00
       1.714     0.775000        96454         4.44
       1.761     0.800000        99535         5.00
       1.814     0.825000       102643         5.71
       1.870     0.850000       105726         6.67
       1.937     0.875000       108876         8.00
       1.975     0.887500       110426         8.89
       2.017     0.900000       111956        10.00
       2.065     0.912500       113521        11.43
       2.123     0.925000       115049        13.33
       2.191     0.937500       116606        16.00
       2.233     0.943750       117391        17.78
       2.279     0.950000       118174        20.00
       2.327     0.956250       118932        22.86
       2.387     0.962500       119719        26.67
       2.455     0.968750       120491        32.00
       2.497     0.971875       120885        35.56
       2.543     0.975000       121271        40.00
       2.595     0.978125       121655        45.71
       2.655     0.981250       122046        53.33
       2.731     0.984375       122429        64.00
       2.775     0.985938       122631        71.11
       2.827     0.987500       122821        80.00
       2.883     0.989062       123012        91.43
       2.947     0.990625       123207       106.67
       3.033     0.992188       123402       128.00
       3.087     0.992969       123500       142.22
       3.141     0.993750       123596       160.00
       3.215     0.994531       123696       182.86
       3.329     0.995313       123793       213.33
       3.463     0.996094       123887       256.00
       3.583     0.996484       123935       284.44
       3.705     0.996875       123984       320.00
       3.917     0.997266       124032       365.71
       4.091     0.997656       124081       426.67
       4.355     0.998047       124132       512.00
       4.503     0.998242       124154       568.89
       4.715     0.998437       124178       640.00
       4.983     0.998633       124202       731.43
       5.247     0.998828       124227       853.33
       5.651     0.999023       124251      1024.00
       5.743     0.999121       124263      1137.78
       5.971     0.999219       124275      1280.00
       6.071     0.999316       124287      1462.86
       6.347     0.999414       124300      1706.67
       6.831     0.999512       124312      2048.00
       7.127     0.999561       124319      2275.56
       7.387     0.999609       124324      2560.00
       7.691     0.999658       124330      2925.71
       8.099     0.999707       124336      3413.33
       9.095     0.999756       124342      4096.00
       9.623     0.999780       124345      4551.11
       9.935     0.999805       124348      5120.00
      10.655     0.999829       124352      5851.43
      10.719     0.999854       124354      6826.67
      10.879     0.999878       124357      8192.00
      10.999     0.999890       124359      9102.22
      11.199     0.999902       124360     10240.00
      11.423     0.999915       124362     11702.86
      11.455     0.999927       124363     13653.33
      11.583     0.999939       124365     16384.00
      11.743     0.999945       124366     18204.44
      11.743     0.999951       124366     20480.00
      12.215     0.999957       124367     23405.71
      12.423     0.999963       124368     27306.67
      12.479     0.999969       124369     32768.00
      12.479     0.999973       124369     36408.89
      12.479     0.999976       124369     40960.00
      12.783     0.999979       124370     46811.43
      12.783     0.999982       124370     54613.33
      13.279     0.999985       124371     65536.00
      13.279     0.999986       124371     72817.78
      13.279     0.999988       124371     81920.00
      13.279     0.999989       124371     93622.86
      13.279     0.999991       124371    109226.67
      13.783     0.999992       124372    131072.00
      13.783     1.000000       124372          inf
#[Mean    =        1.319, StdDeviation   =        0.609]
#[Max     =       13.776, Total count    =       124372]
#[Buckets =           27, SubBuckets     =         2048]
----------------------------------------------------------
  149738 requests in 1.00m, 18.42MB read
Requests/sec:   2495.48
Transfer/sec:    314.37KB
