Running 1m test @ http://10.15.224.38:8080/v2/
  2 threads and 100 connections
  Thread calibration: mean lat.: 4.554ms, rate sampling interval: 15ms
  Thread calibration: mean lat.: 2.144ms, rate sampling interval: 10ms
  Thread Stats   Avg      Stdev     Max   +/- Stdev
    Latency     3.32ms    2.84ms  30.56ms   84.14%
    Req/Sec     1.31k     0.95k    4.22k    65.85%
  Latency Distribution (HdrHistogram - Recorded Latency)
 50.000%    2.36ms
 75.000%    4.68ms
 90.000%    6.66ms
 99.000%   14.70ms
 99.900%   21.22ms
 99.990%   28.45ms
 99.999%   30.46ms
100.000%   30.58ms

  Detailed Percentile spectrum:
       Value   Percentile   TotalCount 1/(1-Percentile)

       0.152     0.000000            1         1.00
       0.836     0.100000        12462         1.11
       1.184     0.200000        24895         1.25
       1.491     0.300000        37316         1.43
       1.845     0.400000        49759         1.67
       2.361     0.500000        62175         2.00
       2.739     0.550000        68403         2.22
       3.179     0.600000        74612         2.50
       3.665     0.650000        80829         2.86
       4.155     0.700000        87068         3.33
       4.675     0.750000        93271         4.00
       4.959     0.775000        96382         4.44
       5.275     0.800000        99493         5.00
       5.579     0.825000       102590         5.71
       5.899     0.850000       105707         6.67
       6.231     0.875000       108799         8.00
       6.431     0.887500       110363         8.89
       6.659     0.900000       111929        10.00
       6.923     0.912500       113475        11.43
       7.223     0.925000       115013        13.33
       7.647     0.937500       116575        16.00
       7.911     0.943750       117345        17.78
       8.223     0.950000       118123        20.00
       8.567     0.956250       118905        22.86
       8.967     0.962500       119688        26.67
       9.511     0.968750       120461        32.00
       9.887     0.971875       120846        35.56
      10.375     0.975000       121228        40.00
      11.023     0.978125       121618        45.71
      11.911     0.981250       122007        53.33
      12.831     0.984375       122394        64.00
      13.295     0.985938       122589        71.11
      13.791     0.987500       122782        80.00
      14.319     0.989062       122983        91.43
      14.911     0.990625       123172       106.67
      15.543     0.992188       123365       128.00
      15.887     0.992969       123462       142.22
      16.263     0.993750       123560       160.00
      16.719     0.994531       123660       182.86
      17.247     0.995313       123754       213.33
      17.727     0.996094       123852       256.00
      17.967     0.996484       123900       284.44
      18.351     0.996875       123949       320.00
      18.735     0.997266       123998       365.71
      19.135     0.997656       124048       426.67
      19.551     0.998047       124094       512.00
      19.775     0.998242       124118       568.89
      20.111     0.998437       124142       640.00
      20.431     0.998633       124167       731.43
      20.927     0.998828       124191       853.33
      21.231     0.999023       124215      1024.00
      21.391     0.999121       124227      1137.78
      21.663     0.999219       124239      1280.00
      21.919     0.999316       124254      1462.86
      22.127     0.999414       124264      1706.67
      22.511     0.999512       124277      2048.00
      22.607     0.999561       124282      2275.56
      22.655     0.999609       124290      2560.00
      22.815     0.999658       124294      2925.71
      22.959     0.999707       124300      3413.33
      23.279     0.999756       124306      4096.00
      23.407     0.999780       124309      4551.11
      23.423     0.999805       124312      5120.00
      23.535     0.999829       124315      5851.43
      23.583     0.999854       124318      6826.67
      26.575     0.999878       124321      8192.00
      28.031     0.999890       124323      9102.22
      28.447     0.999902       124324     10240.00
      28.863     0.999915       124326     11702.86
      28.927     0.999927       124327     13653.33
      29.007     0.999939       124329     16384.00
      29.071     0.999945       124330     18204.44
      29.071     0.999951       124330     20480.00
      29.695     0.999957       124331     23405.71
      29.727     0.999963       124332     27306.67
      29.855     0.999969       124333     32768.00
      29.855     0.999973       124333     36408.89
      29.855     0.999976       124333     40960.00
      30.143     0.999979       124334     46811.43
      30.143     0.999982       124334     54613.33
      30.463     0.999985       124335     65536.00
      30.463     0.999986       124335     72817.78
      30.463     0.999988       124335     81920.00
      30.463     0.999989       124335     93622.86
      30.463     0.999991       124335    109226.67
      30.575     0.999992       124336    131072.00
      30.575     1.000000       124336          inf
#[Mean    =        3.323, StdDeviation   =        2.836]
#[Max     =       30.560, Total count    =       124336]
#[Buckets =           27, SubBuckets     =         2048]
----------------------------------------------------------
  148620 requests in 1.00m, 18.28MB read
Requests/sec:   2476.92
Transfer/sec:    312.03KB
