Running 1m test @ http://10.15.224.38:8080/v2/
  2 threads and 100 connections
  Thread calibration: mean lat.: 107.823ms, rate sampling interval: 389ms
  Thread calibration: mean lat.: 110.212ms, rate sampling interval: 390ms
  Thread Stats   Avg      Stdev     Max   +/- Stdev
    Latency   811.90ms  319.04ms   1.53s    61.38%
    Req/Sec     1.22k    53.22     1.36k    67.72%
  Latency Distribution (HdrHistogram - Recorded Latency)
 50.000%  772.61ms
 75.000%    1.09s 
 90.000%    1.28s 
 99.000%    1.42s 
 99.900%    1.49s 
 99.990%    1.53s 
 99.999%    1.53s 
100.000%    1.54s 

  Detailed Percentile spectrum:
       Value   Percentile   TotalCount 1/(1-Percentile)

     200.575     0.000000            1         1.00
     396.287     0.100000        12147         1.11
     516.863     0.200000        24293         1.25
     614.399     0.300000        36526         1.43
     682.495     0.400000        48641         1.67
     772.607     0.500000        60737         2.00
     816.127     0.550000        66815         2.22
     868.863     0.600000        72910         2.50
     940.031     0.650000        78962         2.86
    1014.271     0.700000        85029         3.33
    1085.439     0.750000        91095         4.00
    1114.111     0.775000        94111         4.44
    1141.759     0.800000        97193         5.00
    1171.455     0.825000       100216         5.71
    1217.535     0.850000       103223         6.67
    1254.399     0.875000       106301         8.00
    1267.711     0.887500       107846         8.89
    1279.999     0.900000       109295        10.00
    1291.263     0.912500       110856        11.43
    1304.575     0.925000       112394        13.33
    1319.935     0.937500       113845        16.00
    1329.151     0.943750       114687        17.78
    1337.343     0.950000       115434        20.00
    1346.559     0.956250       116156        22.86
    1356.799     0.962500       116880        26.67
    1369.087     0.968750       117679        32.00
    1375.231     0.971875       118055        35.56
    1382.399     0.975000       118437        40.00
    1388.543     0.978125       118789        45.71
    1395.711     0.981250       119159        53.33
    1402.879     0.984375       119570        64.00
    1406.975     0.985938       119753        71.11
    1410.047     0.987500       119920        80.00
    1414.143     0.989062       120124        91.43
    1419.263     0.990625       120308       106.67
    1425.407     0.992188       120491       128.00
    1428.479     0.992969       120585       142.22
    1432.575     0.993750       120687       160.00
    1436.671     0.994531       120768       182.86
    1441.791     0.995313       120876       213.33
    1446.911     0.996094       120957       256.00
    1449.983     0.996484       121016       284.44
    1454.079     0.996875       121058       320.00
    1459.199     0.997266       121104       365.71
    1465.343     0.997656       121147       426.67
    1471.487     0.998047       121196       512.00
    1474.559     0.998242       121220       568.89
    1479.679     0.998437       121248       640.00
    1483.775     0.998633       121265       731.43
    1488.895     0.998828       121289       853.33
    1495.039     0.999023       121312      1024.00
    1498.111     0.999121       121327      1137.78
    1501.183     0.999219       121336      1280.00
    1504.255     0.999316       121351      1462.86
    1506.303     0.999414       121359      1706.67
    1512.447     0.999512       121373      2048.00
    1514.495     0.999561       121386      2275.56
    1514.495     0.999609       121386      2560.00
    1515.519     0.999658       121389      2925.71
    1518.591     0.999707       121395      3413.33
    1521.663     0.999756       121401      4096.00
    1522.687     0.999780       121407      4551.11
    1522.687     0.999805       121407      5120.00
    1523.711     0.999829       121411      5851.43
    1525.759     0.999854       121415      6826.67
    1526.783     0.999878       121420      8192.00
    1526.783     0.999890       121420      9102.22
    1526.783     0.999902       121420     10240.00
    1526.783     0.999915       121420     11702.86
    1527.807     0.999927       121423     13653.33
    1527.807     0.999939       121423     16384.00
    1529.855     0.999945       121424     18204.44
    1530.879     0.999951       121425     20480.00
    1530.879     0.999957       121425     23405.71
    1532.927     0.999963       121426     27306.67
    1533.951     0.999969       121429     32768.00
    1533.951     0.999973       121429     36408.89
    1533.951     0.999976       121429     40960.00
    1533.951     0.999979       121429     46811.43
    1533.951     0.999982       121429     54613.33
    1533.951     0.999985       121429     65536.00
    1533.951     0.999986       121429     72817.78
    1533.951     0.999988       121429     81920.00
    1533.951     0.999989       121429     93622.86
    1533.951     0.999991       121429    109226.67
    1535.999     0.999992       121430    131072.00
    1535.999     1.000000       121430          inf
#[Mean    =      811.899, StdDeviation   =      319.036]
#[Max     =     1534.976, Total count    =       121430]
#[Buckets =           27, SubBuckets     =         2048]
----------------------------------------------------------
  146228 requests in 1.00m, 24.96MB read
Requests/sec:   2437.14
Transfer/sec:    426.02KB
Running 1m test @ http://10.15.224.38:8080/v2/
  2 threads and 100 connections
  Thread calibration: mean lat.: 127.421ms, rate sampling interval: 387ms
  Thread calibration: mean lat.: 126.563ms, rate sampling interval: 383ms
  Thread Stats   Avg      Stdev     Max   +/- Stdev
    Latency   705.92ms  345.95ms   1.38s    56.66%
    Req/Sec     1.22k    51.14     1.36k    67.32%
  Latency Distribution (HdrHistogram - Recorded Latency)
 50.000%  701.44ms
 75.000%    1.01s 
 90.000%    1.19s 
 99.000%    1.31s 
 99.900%    1.34s 
 99.990%    1.36s 
 99.999%    1.38s 
100.000%    1.38s 

  Detailed Percentile spectrum:
       Value   Percentile   TotalCount 1/(1-Percentile)

     173.823     0.000000            2         1.00
     254.719     0.100000        12195         1.11
     322.047     0.200000        24323         1.25
     424.191     0.300000        36507         1.43
     567.807     0.400000        48647         1.67
     701.439     0.500000        60799         2.00
     785.919     0.550000        66907         2.22
     838.655     0.600000        72989         2.50
     908.799     0.650000        79051         2.86
     968.191     0.700000        85159         3.33
    1005.567     0.750000        91262         4.00
    1023.999     0.775000        94279         4.44
    1046.527     0.800000        97319         5.00
    1079.295     0.825000       100385         5.71
    1110.015     0.850000       103367         6.67
    1140.735     0.875000       106418         8.00
    1161.215     0.887500       107955         8.89
    1193.983     0.900000       109462        10.00
    1220.607     0.912500       110976        11.43
    1238.015     0.925000       112580        13.33
    1250.303     0.937500       114017        16.00
    1256.447     0.943750       114832        17.78
    1262.591     0.950000       115570        20.00
    1268.735     0.956250       116363        22.86
    1274.879     0.962500       117140        26.67
    1279.999     0.968750       117824        32.00
    1283.071     0.971875       118186        35.56
    1287.167     0.975000       118611        40.00
    1291.263     0.978125       119014        45.71
    1295.359     0.981250       119407        53.33
    1298.431     0.984375       119698        64.00
    1301.503     0.985938       119972        71.11
    1303.551     0.987500       120120        80.00
    1306.623     0.989062       120312        91.43
    1309.695     0.990625       120506       106.67
    1312.767     0.992188       120665       128.00
    1314.815     0.992969       120762       142.22
    1317.887     0.993750       120875       160.00
    1319.935     0.994531       120963       182.86
    1321.983     0.995313       121035       213.33
    1325.055     0.996094       121134       256.00
    1327.103     0.996484       121192       284.44
    1328.127     0.996875       121225       320.00
    1330.175     0.997266       121282       365.71
    1332.223     0.997656       121329       426.67
    1335.295     0.998047       121379       512.00
    1336.319     0.998242       121402       568.89
    1337.343     0.998437       121413       640.00
    1339.391     0.998633       121439       731.43
    1340.415     0.998828       121460       853.33
    1343.487     0.999023       121484      1024.00
    1344.511     0.999121       121498      1137.78
    1345.535     0.999219       121508      1280.00
    1347.583     0.999316       121514      1462.86
    1348.607     0.999414       121526      1706.67
    1350.655     0.999512       121540      2048.00
    1351.679     0.999561       121547      2275.56
    1352.703     0.999609       121557      2560.00
    1352.703     0.999658       121557      2925.71
    1353.727     0.999707       121565      3413.33
    1354.751     0.999756       121567      4096.00
    1356.799     0.999780       121571      4551.11
    1357.823     0.999805       121576      5120.00
    1357.823     0.999829       121576      5851.43
    1359.871     0.999854       121580      6826.67
    1360.895     0.999878       121582      8192.00
    1361.919     0.999890       121584      9102.22
    1362.943     0.999902       121585     10240.00
    1364.991     0.999915       121586     11702.86
    1367.039     0.999927       121588     13653.33
    1368.063     0.999939       121589     16384.00
    1369.087     0.999945       121590     18204.44
    1370.111     0.999951       121591     20480.00
    1370.111     0.999957       121591     23405.71
    1371.135     0.999963       121592     27306.67
    1375.231     0.999969       121593     32768.00
    1375.231     0.999973       121593     36408.89
    1376.255     0.999976       121594     40960.00
    1376.255     0.999979       121594     46811.43
    1376.255     0.999982       121594     54613.33
    1377.279     0.999985       121595     65536.00
    1377.279     0.999986       121595     72817.78
    1377.279     0.999988       121595     81920.00
    1377.279     0.999989       121595     93622.86
    1377.279     0.999991       121595    109226.67
    1379.327     0.999992       121596    131072.00
    1379.327     1.000000       121596          inf
#[Mean    =      705.924, StdDeviation   =      345.952]
#[Max     =     1378.304, Total count    =       121596]
#[Buckets =           27, SubBuckets     =         2048]
----------------------------------------------------------
  146451 requests in 1.00m, 25.00MB read
Requests/sec:   2440.72
Transfer/sec:    426.64KB
