Running 1m test @ http://10.15.224.38:8080/v2/
  2 threads and 100 connections
  Thread calibration: mean lat.: 1.305ms, rate sampling interval: 10ms
  Thread calibration: mean lat.: 1.305ms, rate sampling interval: 10ms
  Thread Stats   Avg      Stdev     Max   +/- Stdev
    Latency     1.31ms  604.73us  12.39ms   73.29%
    Req/Sec     1.32k   212.33     2.67k    74.12%
  Latency Distribution (HdrHistogram - Recorded Latency)
 50.000%    1.29ms
 75.000%    1.63ms
 90.000%    1.97ms
 99.000%    2.93ms
 99.900%    6.12ms
 99.990%    9.22ms
 99.999%   12.35ms
100.000%   12.40ms

  Detailed Percentile spectrum:
       Value   Percentile   TotalCount 1/(1-Percentile)

       0.133     0.000000            2         1.00
       0.592     0.100000        12485         1.11
       0.812     0.200000        24908         1.25
       0.999     0.300000        37375         1.43
       1.156     0.400000        49752         1.67
       1.292     0.500000        62196         2.00
       1.357     0.550000        68482         2.22
       1.419     0.600000        74685         2.50
       1.485     0.650000        80918         2.86
       1.556     0.700000        87116         3.33
       1.634     0.750000        93326         4.00
       1.675     0.775000        96389         4.44
       1.720     0.800000        99494         5.00
       1.771     0.825000       102621         5.71
       1.826     0.850000       105726         6.67
       1.893     0.875000       108834         8.00
       1.930     0.887500       110401         8.89
       1.971     0.900000       111964        10.00
       2.016     0.912500       113494        11.43
       2.073     0.925000       115049        13.33
       2.141     0.937500       116614        16.00
       2.177     0.943750       117385        17.78
       2.219     0.950000       118153        20.00
       2.271     0.956250       118940        22.86
       2.329     0.962500       119720        26.67
       2.395     0.968750       120483        32.00
       2.439     0.971875       120870        35.56
       2.489     0.975000       121265        40.00
       2.543     0.978125       121653        45.71
       2.613     0.981250       122036        53.33
       2.695     0.984375       122434        64.00
       2.743     0.985938       122624        71.11
       2.805     0.987500       122813        80.00
       2.881     0.989062       123006        91.43
       2.987     0.990625       123203       106.67
       3.127     0.992188       123395       128.00
       3.229     0.992969       123493       142.22
       3.323     0.993750       123590       160.00
       3.423     0.994531       123688       182.86
       3.627     0.995313       123784       213.33
       3.881     0.996094       123882       256.00
       4.033     0.996484       123929       284.44
       4.143     0.996875       123979       320.00
       4.343     0.997266       124026       365.71
       4.571     0.997656       124075       426.67
       4.903     0.998047       124124       512.00
       5.103     0.998242       124148       568.89
       5.295     0.998437       124173       640.00
       5.619     0.998633       124196       731.43
       5.871     0.998828       124221       853.33
       6.167     0.999023       124245      1024.00
       6.435     0.999121       124257      1137.78
       6.779     0.999219       124269      1280.00
       6.911     0.999316       124281      1462.86
       7.175     0.999414       124294      1706.67
       7.519     0.999512       124306      2048.00
       7.779     0.999561       124312      2275.56
       7.875     0.999609       124318      2560.00
       8.011     0.999658       124324      2925.71
       8.187     0.999707       124330      3413.33
       8.335     0.999756       124336      4096.00
       8.359     0.999780       124339      4551.11
       8.783     0.999805       124342      5120.00
       8.895     0.999829       124345      5851.43
       9.023     0.999854       124348      6826.67
       9.103     0.999878       124352      8192.00
       9.175     0.999890       124353      9102.22
       9.223     0.999902       124354     10240.00
       9.799     0.999915       124356     11702.86
       9.815     0.999927       124357     13653.33
      10.175     0.999939       124359     16384.00
      10.735     0.999945       124360     18204.44
      10.735     0.999951       124360     20480.00
      11.271     0.999957       124361     23405.71
      12.303     0.999963       124363     27306.67
      12.303     0.999969       124363     32768.00
      12.303     0.999973       124363     36408.89
      12.303     0.999976       124363     40960.00
      12.327     0.999979       124364     46811.43
      12.327     0.999982       124364     54613.33
      12.351     0.999985       124365     65536.00
      12.351     0.999986       124365     72817.78
      12.351     0.999988       124365     81920.00
      12.351     0.999989       124365     93622.86
      12.351     0.999991       124365    109226.67
      12.399     0.999992       124366    131072.00
      12.399     1.000000       124366          inf
#[Mean    =        1.310, StdDeviation   =        0.605]
#[Max     =       12.392, Total count    =       124366]
#[Buckets =           27, SubBuckets     =         2048]
----------------------------------------------------------
  149732 requests in 1.00m, 18.42MB read
Requests/sec:   2495.52
Transfer/sec:    314.38KB
