Running 1m test @ http://10.15.224.38:8080/v2/
  2 threads and 100 connections
  Thread calibration: mean lat.: 94.457ms, rate sampling interval: 315ms
  Thread calibration: mean lat.: 94.945ms, rate sampling interval: 316ms
  Thread Stats   Avg      Stdev     Max   +/- Stdev
    Latency   460.52ms  223.83ms   1.05s    68.44%
    Req/Sec     1.23k    56.15     1.37k    70.06%
  Latency Distribution (HdrHistogram - Recorded Latency)
 50.000%  383.23ms
 75.000%  604.67ms
 90.000%  850.43ms
 99.000%  979.46ms
 99.900%    1.02s 
 99.990%    1.04s 
 99.999%    1.05s 
100.000%    1.05s 

  Detailed Percentile spectrum:
       Value   Percentile   TotalCount 1/(1-Percentile)

     140.927     0.000000            1         1.00
     232.063     0.100000        12236         1.11
     272.639     0.200000        24506         1.25
     313.599     0.300000        36672         1.43
     342.015     0.400000        48944         1.67
     383.231     0.500000        61157         2.00
     405.759     0.550000        67226         2.22
     462.591     0.600000        73352         2.50
     487.679     0.650000        79482         2.86
     535.551     0.700000        85571         3.33
     604.671     0.750000        91662         4.00
     649.215     0.775000        94733         4.44
     692.223     0.800000        97765         5.00
     712.191     0.825000       100887         5.71
     731.135     0.850000       103915         6.67
     778.751     0.875000       106948         8.00
     808.447     0.887500       108462         8.89
     850.431     0.900000       109993        10.00
     877.055     0.912500       111514        11.43
     893.951     0.925000       113054        13.33
     909.311     0.937500       114621        16.00
     916.479     0.943750       115357        17.78
     923.135     0.950000       116126        20.00
     929.279     0.956250       116880        22.86
     935.935     0.962500       117647        26.67
     942.079     0.968750       118391        32.00
     946.175     0.971875       118800        35.56
     949.759     0.975000       119151        40.00
     954.367     0.978125       119548        45.71
     959.999     0.981250       119949        53.33
     965.119     0.984375       120310        64.00
     968.703     0.985938       120505        71.11
     972.287     0.987500       120681        80.00
     976.383     0.989062       120871        91.43
     981.503     0.990625       121069       106.67
     986.111     0.992188       121263       128.00
     989.183     0.992969       121356       142.22
     992.255     0.993750       121448       160.00
     995.839     0.994531       121548       182.86
     999.423     0.995313       121635       213.33
    1003.007     0.996094       121731       256.00
    1005.055     0.996484       121780       284.44
    1006.591     0.996875       121825       320.00
    1008.639     0.997266       121873       365.71
    1011.711     0.997656       121934       426.67
    1014.783     0.998047       121976       512.00
    1015.807     0.998242       121992       568.89
    1017.855     0.998437       122019       640.00
    1019.903     0.998633       122042       731.43
    1021.951     0.998828       122063       853.33
    1024.511     0.999023       122092      1024.00
    1025.535     0.999121       122104      1137.78
    1026.559     0.999219       122114      1280.00
    1027.583     0.999316       122123      1462.86
    1029.119     0.999414       122135      1706.67
    1031.167     0.999512       122148      2048.00
    1032.191     0.999561       122153      2275.56
    1033.727     0.999609       122161      2560.00
    1035.263     0.999658       122167      2925.71
    1036.287     0.999707       122171      3413.33
    1038.847     0.999756       122180      4096.00
    1038.847     0.999780       122180      4551.11
    1040.383     0.999805       122184      5120.00
    1040.895     0.999829       122187      5851.43
    1042.431     0.999854       122192      6826.67
    1042.431     0.999878       122192      8192.00
    1042.943     0.999890       122195      9102.22
    1042.943     0.999902       122195     10240.00
    1043.455     0.999915       122196     11702.86
    1043.967     0.999927       122198     13653.33
    1044.479     0.999939       122201     16384.00
    1044.479     0.999945       122201     18204.44
    1044.479     0.999951       122201     20480.00
    1044.479     0.999957       122201     23405.71
    1044.991     0.999963       122202     27306.67
    1047.551     0.999969       122203     32768.00
    1047.551     0.999973       122203     36408.89
    1048.063     0.999976       122204     40960.00
    1048.063     0.999979       122204     46811.43
    1048.063     0.999982       122204     54613.33
    1048.575     0.999985       122205     65536.00
    1048.575     0.999986       122205     72817.78
    1048.575     0.999988       122205     81920.00
    1048.575     0.999989       122205     93622.86
    1048.575     0.999991       122205    109226.67
    1053.695     0.999992       122206    131072.00
    1053.695     1.000000       122206          inf
#[Mean    =      460.524, StdDeviation   =      223.830]
#[Max     =     1052.672, Total count    =       122206]
#[Buckets =           27, SubBuckets     =         2048]
----------------------------------------------------------
  147193 requests in 1.00m, 25.13MB read
Requests/sec:   2453.31
Transfer/sec:    428.84KB
Running 1m test @ http://10.15.224.38:8080/v2/
  2 threads and 100 connections
  Thread calibration: mean lat.: 154.839ms, rate sampling interval: 556ms
  Thread calibration: mean lat.: 154.881ms, rate sampling interval: 556ms
  Thread Stats   Avg      Stdev     Max   +/- Stdev
    Latency     1.04s   413.53ms   1.81s    54.04%
    Req/Sec     1.22k    49.44     1.33k    74.72%
  Latency Distribution (HdrHistogram - Recorded Latency)
 50.000%    1.08s 
 75.000%    1.39s 
 90.000%    1.56s 
 99.000%    1.69s 
 99.900%    1.74s 
 99.990%    1.78s 
 99.999%    1.80s 
100.000%    1.81s 

  Detailed Percentile spectrum:
       Value   Percentile   TotalCount 1/(1-Percentile)

     282.367     0.000000            2         1.00
     435.455     0.100000        12084         1.11
     590.847     0.200000        24248         1.25
     658.943     0.300000        36260         1.43
     947.711     0.400000        48325         1.67
    1081.343     0.500000        60456         2.00
    1172.479     0.550000        66469         2.22
    1252.351     0.600000        72522         2.50
    1309.695     0.650000        78533         2.86
    1345.535     0.700000        84633         3.33
    1386.495     0.750000        90619         4.00
    1412.095     0.775000        93621         4.44
    1448.959     0.800000        96672         5.00
    1481.727     0.825000        99689         5.71
    1508.351     0.850000       102725         6.67
    1533.951     0.875000       105779         8.00
    1545.215     0.887500       107277         8.89
    1558.527     0.900000       108768        10.00
    1571.839     0.912500       110295        11.43
    1591.295     0.925000       111777        13.33
    1608.703     0.937500       113283        16.00
    1617.919     0.943750       114032        17.78
    1626.111     0.950000       114803        20.00
    1635.327     0.956250       115548        22.86
    1644.543     0.962500       116273        26.67
    1653.759     0.968750       117082        32.00
    1657.855     0.971875       117428        35.56
    1662.975     0.975000       117840        40.00
    1667.071     0.978125       118178        45.71
    1671.167     0.981250       118541        53.33
    1676.287     0.984375       118929        64.00
    1679.359     0.985938       119110        71.11
    1683.455     0.987500       119319        80.00
    1687.551     0.989062       119488        91.43
    1692.671     0.990625       119670       106.67
    1698.815     0.992188       119859       128.00
    1701.887     0.992969       119964       142.22
    1704.959     0.993750       120065       160.00
    1709.055     0.994531       120162       182.86
    1712.127     0.995313       120240       213.33
    1717.247     0.996094       120352       256.00
    1718.271     0.996484       120380       284.44
    1721.343     0.996875       120442       320.00
    1723.391     0.997266       120474       365.71
    1726.463     0.997656       120526       426.67
    1730.559     0.998047       120574       512.00
    1732.607     0.998242       120592       568.89
    1734.655     0.998437       120615       640.00
    1737.727     0.998633       120642       731.43
    1739.775     0.998828       120664       853.33
    1741.823     0.999023       120684      1024.00
    1742.847     0.999121       120693      1137.78
    1744.895     0.999219       120708      1280.00
    1745.919     0.999316       120719      1462.86
    1748.991     0.999414       120730      1706.67
    1752.063     0.999512       120741      2048.00
    1754.111     0.999561       120746      2275.56
    1755.135     0.999609       120751      2560.00
    1757.183     0.999658       120757      2925.71
    1760.255     0.999707       120764      3413.33
    1763.327     0.999756       120769      4096.00
    1767.423     0.999780       120772      4551.11
    1770.495     0.999805       120776      5120.00
    1771.519     0.999829       120778      5851.43
    1773.567     0.999854       120781      6826.67
    1776.639     0.999878       120785      8192.00
    1776.639     0.999890       120785      9102.22
    1779.711     0.999902       120787     10240.00
    1781.759     0.999915       120789     11702.86
    1786.879     0.999927       120791     13653.33
    1786.879     0.999939       120791     16384.00
    1787.903     0.999945       120792     18204.44
    1789.951     0.999951       120793     20480.00
    1789.951     0.999957       120793     23405.71
    1791.999     0.999963       120795     27306.67
    1791.999     0.999969       120795     32768.00
    1791.999     0.999973       120795     36408.89
    1797.119     0.999976       120796     40960.00
    1797.119     0.999979       120796     46811.43
    1797.119     0.999982       120796     54613.33
    1799.167     0.999985       120797     65536.00
    1799.167     0.999986       120797     72817.78
    1799.167     0.999988       120797     81920.00
    1799.167     0.999989       120797     93622.86
    1799.167     0.999991       120797    109226.67
    1807.359     0.999992       120798    131072.00
    1807.359     1.000000       120798          inf
#[Mean    =     1036.817, StdDeviation   =      413.528]
#[Max     =     1806.336, Total count    =       120798]
#[Buckets =           27, SubBuckets     =         2048]
----------------------------------------------------------
  145400 requests in 1.00m, 24.82MB read
Requests/sec:   2423.25
Transfer/sec:    423.58KB
