Running 1m test @ http://10.15.40.236:8080/v2/
  2 threads and 100 connections
  Thread calibration: mean lat.: 1.348ms, rate sampling interval: 10ms
  Thread calibration: mean lat.: 1.330ms, rate sampling interval: 10ms
  Thread Stats   Avg      Stdev     Max   +/- Stdev
    Latency     1.35ms  636.04us  28.91ms   75.32%
    Req/Sec     1.32k   200.70     3.22k    71.49%
  Latency Distribution (HdrHistogram - Recorded Latency)
 50.000%    1.30ms
 75.000%    1.70ms
 90.000%    2.05ms
 99.000%    2.93ms
 99.900%    6.61ms
 99.990%   13.45ms
 99.999%   19.20ms
100.000%   28.93ms

  Detailed Percentile spectrum:
       Value   Percentile   TotalCount 1/(1-Percentile)

       0.136     0.000000            1         1.00
       0.648     0.100000        12440         1.11
       0.851     0.200000        24915         1.25
       1.014     0.300000        37343         1.43
       1.158     0.400000        49748         1.67
       1.300     0.500000        62223         2.00
       1.373     0.550000        68485         2.22
       1.448     0.600000        74642         2.50
       1.527     0.650000        80902         2.86
       1.610     0.700000        87068         3.33
       1.697     0.750000        93321         4.00
       1.743     0.775000        96382         4.44
       1.793     0.800000        99543         5.00
       1.845     0.825000       102653         5.71
       1.904     0.850000       105760         6.67
       1.970     0.875000       108841         8.00
       2.007     0.887500       110373         8.89
       2.051     0.900000       111979        10.00
       2.099     0.912500       113501        11.43
       2.155     0.925000       115049        13.33
       2.223     0.937500       116614        16.00
       2.261     0.943750       117395        17.78
       2.307     0.950000       118170        20.00
       2.359     0.956250       118936        22.86
       2.419     0.962500       119702        26.67
       2.491     0.968750       120485        32.00
       2.529     0.971875       120872        35.56
       2.577     0.975000       121266        40.00
       2.627     0.978125       121650        45.71
       2.687     0.981250       122046        53.33
       2.755     0.984375       122426        64.00
       2.795     0.985938       122619        71.11
       2.839     0.987500       122815        80.00
       2.897     0.989062       123005        91.43
       2.959     0.990625       123198       106.67
       3.047     0.992188       123392       128.00
       3.097     0.992969       123488       142.22
       3.175     0.993750       123588       160.00
       3.289     0.994531       123683       182.86
       3.475     0.995313       123781       213.33
       3.665     0.996094       123877       256.00
       3.785     0.996484       123927       284.44
       3.961     0.996875       123974       320.00
       4.127     0.997266       124022       365.71
       4.415     0.997656       124071       426.67
       4.667     0.998047       124120       512.00
       4.927     0.998242       124145       568.89
       5.155     0.998437       124168       640.00
       5.559     0.998633       124192       731.43
       6.231     0.998828       124217       853.33
       6.647     0.999023       124241      1024.00
       6.811     0.999121       124253      1137.78
       6.995     0.999219       124265      1280.00
       7.399     0.999316       124277      1462.86
       7.727     0.999414       124291      1706.67
       8.127     0.999512       124302      2048.00
       8.431     0.999561       124309      2275.56
       8.911     0.999609       124314      2560.00
       9.047     0.999658       124320      2925.71
      10.231     0.999707       124326      3413.33
      11.127     0.999756       124332      4096.00
      11.719     0.999780       124335      4551.11
      11.871     0.999805       124338      5120.00
      12.047     0.999829       124341      5851.43
      12.207     0.999854       124344      6826.67
      13.303     0.999878       124347      8192.00
      13.359     0.999890       124349      9102.22
      13.455     0.999902       124350     10240.00
      13.743     0.999915       124352     11702.86
      14.559     0.999927       124353     13653.33
      15.279     0.999939       124355     16384.00
      15.343     0.999945       124356     18204.44
      15.343     0.999951       124356     20480.00
      15.359     0.999957       124357     23405.71
      15.503     0.999963       124358     27306.67
      15.975     0.999969       124359     32768.00
      15.975     0.999973       124359     36408.89
      15.975     0.999976       124359     40960.00
      18.351     0.999979       124360     46811.43
      18.351     0.999982       124360     54613.33
      19.199     0.999985       124361     65536.00
      19.199     0.999986       124361     72817.78
      19.199     0.999988       124361     81920.00
      19.199     0.999989       124361     93622.86
      19.199     0.999991       124361    109226.67
      28.927     0.999992       124362    131072.00
      28.927     1.000000       124362          inf
#[Mean    =        1.351, StdDeviation   =        0.636]
#[Max     =       28.912, Total count    =       124362]
#[Buckets =           27, SubBuckets     =         2048]
----------------------------------------------------------
  149728 requests in 1.00m, 18.42MB read
Requests/sec:   2495.56
Transfer/sec:    314.38KB
Running 1m test @ http://10.15.224.38:8080/v2/
  2 threads and 100 connections
^[[B^[[A  Thread calibration: mean lat.: 1.324ms, rate sampling interval: 10ms
  Thread calibration: mean lat.: 1.292ms, rate sampling interval: 10ms
  Thread Stats   Avg      Stdev     Max   +/- Stdev
    Latency     1.28ms  603.44us  16.67ms   77.14%
    Req/Sec     1.32k   200.86     2.89k    75.05%
  Latency Distribution (HdrHistogram - Recorded Latency)
 50.000%    1.25ms
 75.000%    1.58ms
 90.000%    1.89ms
 99.000%    2.77ms
 99.900%    6.69ms
 99.990%   13.87ms
 99.999%   16.62ms
100.000%   16.69ms

  Detailed Percentile spectrum:
       Value   Percentile   TotalCount 1/(1-Percentile)

       0.114     0.000000            1         1.00
       0.618     0.100000        12473         1.11
       0.815     0.200000        24941         1.25
       0.980     0.300000        37372         1.43
       1.123     0.400000        49757         1.67
       1.253     0.500000        62240         2.00
       1.317     0.550000        68487         2.22
       1.380     0.600000        74637         2.50
       1.444     0.650000        80866         2.86
       1.511     0.700000        87090         3.33
       1.584     0.750000        93324         4.00
       1.624     0.775000        96445         4.44
       1.667     0.800000        99532         5.00
       1.713     0.825000       102662         5.71
       1.763     0.850000       105737         6.67
       1.821     0.875000       108826         8.00
       1.855     0.887500       110424         8.89
       1.891     0.900000       111949        10.00
       1.931     0.912500       113499        11.43
       1.980     0.925000       115065        13.33
       2.038     0.937500       116618        16.00
       2.071     0.943750       117403        17.78
       2.107     0.950000       118166        20.00
       2.151     0.956250       118957        22.86
       2.205     0.962500       119711        26.67
       2.271     0.968750       120504        32.00
       2.309     0.971875       120888        35.56
       2.353     0.975000       121279        40.00
       2.403     0.978125       121653        45.71
       2.465     0.981250       122046        53.33
       2.539     0.984375       122436        64.00
       2.587     0.985938       122632        71.11
       2.645     0.987500       122818        80.00
       2.717     0.989062       123015        91.43
       2.797     0.990625       123210       106.67
       2.901     0.992188       123403       128.00
       2.971     0.992969       123499       142.22
       3.059     0.993750       123597       160.00
       3.163     0.994531       123692       182.86
       3.287     0.995313       123791       213.33
       3.463     0.996094       123887       256.00
       3.587     0.996484       123935       284.44
       3.741     0.996875       123984       320.00
       3.987     0.997266       124032       365.71
       4.295     0.997656       124081       426.67
       4.843     0.998047       124130       512.00
       5.223     0.998242       124154       568.89
       5.555     0.998437       124178       640.00
       5.955     0.998633       124202       731.43
       6.223     0.998828       124227       853.33
       6.755     0.999023       124251      1024.00
       7.075     0.999121       124263      1137.78
       7.267     0.999219       124275      1280.00
       7.739     0.999316       124287      1462.86
       8.103     0.999414       124300      1706.67
       9.255     0.999512       124312      2048.00
       9.791     0.999561       124318      2275.56
      11.007     0.999609       124324      2560.00
      11.615     0.999658       124330      2925.71
      11.959     0.999707       124336      3413.33
      12.303     0.999756       124343      4096.00
      12.471     0.999780       124345      4551.11
      13.247     0.999805       124348      5120.00
      13.375     0.999829       124351      5851.43
      13.431     0.999854       124354      6826.67
      13.575     0.999878       124357      8192.00
      13.631     0.999890       124359      9102.22
      13.871     0.999902       124360     10240.00
      14.143     0.999915       124362     11702.86
      14.151     0.999927       124363     13653.33
      14.327     0.999939       124365     16384.00
      14.383     0.999945       124366     18204.44
      14.383     0.999951       124366     20480.00
      15.911     0.999957       124367     23405.71
      16.031     0.999963       124368     27306.67
      16.399     0.999969       124369     32768.00
      16.399     0.999973       124369     36408.89
      16.399     0.999976       124369     40960.00
      16.463     0.999979       124370     46811.43
      16.463     0.999982       124370     54613.33
      16.623     0.999985       124371     65536.00
      16.623     0.999986       124371     72817.78
      16.623     0.999988       124371     81920.00
      16.623     0.999989       124371     93622.86
      16.623     0.999991       124371    109226.67
      16.687     0.999992       124372    131072.00
      16.687     1.000000       124372          inf
#[Mean    =        1.277, StdDeviation   =        0.603]
#[Max     =       16.672, Total count    =       124372]
#[Buckets =           27, SubBuckets     =         2048]
----------------------------------------------------------
  149738 requests in 1.00m, 18.42MB read
Requests/sec:   2495.57
Transfer/sec:    314.38KB
