Running 5m test @ http://10.152.183.55:8080/v2/
  4 threads and 2000 connections
  Thread calibration: mean lat.: 330.457ms, rate sampling interval: 1515ms
  Thread calibration: mean lat.: 368.220ms, rate sampling interval: 1645ms
  Thread calibration: mean lat.: 397.792ms, rate sampling interval: 1626ms
  Thread calibration: mean lat.: 404.775ms, rate sampling interval: 1674ms
  Thread Stats   Avg      Stdev     Max   +/- Stdev
    Latency     1.50s     2.49s   13.83s    84.16%
    Req/Sec     2.48k   168.50     2.99k    69.44%
  Latency Distribution (HdrHistogram - Recorded Latency)
 50.000%  248.45ms
 75.000%    1.55s 
 90.000%    5.93s 
 99.000%    9.59s 
 99.900%   11.28s 
 99.990%   12.38s 
 99.999%   13.30s 
100.000%   13.84s 

  Detailed Percentile spectrum:
       Value   Percentile   TotalCount 1/(1-Percentile)

       0.401     0.000000            1         1.00
      58.655     0.100000       285987         1.11
      96.575     0.200000       572142         1.25
     132.479     0.300000       857869         1.43
     178.815     0.400000      1143749         1.67
     248.447     0.500000      1429724         2.00
     295.167     0.550000      1572717         2.22
     360.959     0.600000      1715424         2.50
     471.039     0.650000      1858173         2.86
     717.311     0.700000      2001122         3.33
    1545.215     0.750000      2144079         4.00
    2127.871     0.775000      2215656         4.44
    2740.223     0.800000      2286978         5.00
    3463.167     0.825000      2358510         5.71
    4280.319     0.850000      2430168         6.67
    5136.383     0.875000      2501350         8.00
    5541.887     0.887500      2537271         8.89
    5931.007     0.900000      2572846        10.00
    6324.223     0.912500      2608670        11.43
    6713.343     0.925000      2644413        13.33
    7110.655     0.937500      2680284        16.00
    7315.455     0.943750      2697949        17.78
    7536.639     0.950000      2716045        20.00
    7761.919     0.956250      2733619        22.86
    8015.871     0.962500      2751772        26.67
    8278.015     0.968750      2769448        32.00
    8429.567     0.971875      2778612        35.56
    8577.023     0.975000      2787334        40.00
    8749.055     0.978125      2796502        45.71
    8929.279     0.981250      2805236        53.33
    9134.079     0.984375      2814023        64.00
    9248.767     0.985938      2818546        71.11
    9371.647     0.987500      2822998        80.00
    9502.719     0.989062      2827543        91.43
    9650.175     0.990625      2831883       106.67
    9822.207     0.992188      2836425       128.00
    9920.511     0.992969      2838692       142.22
   10027.007     0.993750      2840958       160.00
   10133.503     0.994531      2843191       182.86
   10248.191     0.995313      2845384       213.33
   10387.455     0.996094      2847570       256.00
   10461.183     0.996484      2848736       284.44
   10534.911     0.996875      2849757       320.00
   10625.023     0.997266      2850899       365.71
   10723.327     0.997656      2851993       426.67
   10846.207     0.998047      2853132       512.00
   10919.935     0.998242      2853706       568.89
   10993.663     0.998437      2854248       640.00
   11083.775     0.998633      2854787       731.43
   11190.271     0.998828      2855358       853.33
   11296.767     0.999023      2855933      1024.00
   11345.919     0.999121      2856190      1137.78
   11411.455     0.999219      2856483      1280.00
   11476.991     0.999316      2856743      1462.86
   11558.911     0.999414      2857035      1706.67
   11640.831     0.999512      2857310      2048.00
   11689.983     0.999561      2857443      2275.56
   11739.135     0.999609      2857580      2560.00
   11804.671     0.999658      2857710      2925.71
   11870.207     0.999707      2857855      3413.33
   11976.703     0.999756      2857989      4096.00
   12025.855     0.999780      2858060      4551.11
   12075.007     0.999805      2858125      5120.00
   12140.543     0.999829      2858202      5851.43
   12214.271     0.999854      2858273      6826.67
   12296.191     0.999878      2858342      8192.00
   12345.343     0.999890      2858372      9102.22
   12386.303     0.999902      2858405     10240.00
   12451.839     0.999915      2858442     11702.86
   12509.183     0.999927      2858477     13653.33
   12599.295     0.999939      2858509     16384.00
   12648.447     0.999945      2858529     18204.44
   12705.791     0.999951      2858545     20480.00
   12795.903     0.999957      2858561     23405.71
   12910.591     0.999963      2858581     27306.67
   13008.895     0.999969      2858597     32768.00
   13074.431     0.999973      2858606     36408.89
   13115.391     0.999976      2858616     40960.00
   13148.159     0.999979      2858623     46811.43
   13180.927     0.999982      2858632     54613.33
   13205.503     0.999985      2858641     65536.00
   13221.887     0.999986      2858644     72817.78
   13262.847     0.999988      2858649     81920.00
   13303.807     0.999989      2858654     93622.86
   13311.999     0.999991      2858659    109226.67
   13328.383     0.999992      2858662    131072.00
   13361.151     0.999993      2858664    145635.56
   13402.111     0.999994      2858666    163840.00
   13418.495     0.999995      2858668    187245.71
   13443.071     0.999995      2858670    218453.33
   13524.991     0.999996      2858673    262144.00
   13541.375     0.999997      2858674    291271.11
   13598.719     0.999997      2858675    327680.00
   13615.103     0.999997      2858676    374491.43
   13729.791     0.999998      2858679    436906.67
   13729.791     0.999998      2858679    524288.00
   13729.791     0.999998      2858679    582542.22
   13729.791     0.999998      2858679    655360.00
   13737.983     0.999999      2858680    748982.86
   13737.983     0.999999      2858680    873813.33
   13770.751     0.999999      2858681   1048576.00
   13770.751     0.999999      2858681   1165084.44
   13770.751     0.999999      2858681   1310720.00
   13787.135     0.999999      2858682   1497965.71
   13787.135     0.999999      2858682   1747626.67
   13787.135     1.000000      2858682   2097152.00
   13787.135     1.000000      2858682   2330168.89
   13787.135     1.000000      2858682   2621440.00
   13836.287     1.000000      2858683   2995931.43
   13836.287     1.000000      2858683          inf
#[Mean    =     1502.782, StdDeviation   =     2488.726]
#[Max     =    13828.096, Total count    =      2858683]
#[Buckets =           27, SubBuckets     =         2048]
----------------------------------------------------------
  2967290 requests in 5.00m, 507.74MB read
  Non-2xx or 3xx responses: 16
Requests/sec:   9891.06
Transfer/sec:      1.69MB
