Running 5m test @ http://10.152.183.231:8080/v2/
  4 threads and 2000 connections
  Thread calibration: mean lat.: 80.478ms, rate sampling interval: 393ms
  Thread calibration: mean lat.: 82.466ms, rate sampling interval: 384ms
  Thread calibration: mean lat.: 81.628ms, rate sampling interval: 395ms
  Thread calibration: mean lat.: 77.531ms, rate sampling interval: 392ms
  Thread Stats   Avg      Stdev     Max   +/- Stdev
    Latency    98.37ms  108.02ms   1.64s    88.40%
    Req/Sec     2.50k   257.33     3.37k    69.07%
  Latency Distribution (HdrHistogram - Recorded Latency)
 50.000%   70.08ms
 75.000%  134.27ms
 90.000%  220.16ms
 99.000%  465.92ms
 99.900%    1.16s 
 99.990%    1.39s 
 99.999%    1.51s 
100.000%    1.64s 

  Detailed Percentile spectrum:
       Value   Percentile   TotalCount 1/(1-Percentile)

       0.129     0.000000            1         1.00
       7.767     0.100000       287292         1.11
      19.471     0.200000       574443         1.25
      34.367     0.300000       861661         1.43
      51.135     0.400000      1149269         1.67
      70.079     0.500000      1436162         2.00
      80.895     0.550000      1580232         2.22
      92.415     0.600000      1723962         2.50
     104.511     0.650000      1866958         2.86
     118.143     0.700000      2010771         3.33
     134.271     0.750000      2154068         4.00
     143.999     0.775000      2225914         4.44
     155.007     0.800000      2298361         5.00
     167.551     0.825000      2369682         5.71
     182.143     0.850000      2441275         6.67
     199.551     0.875000      2513138         8.00
     209.279     0.887500      2548988         8.89
     220.159     0.900000      2585170        10.00
     232.063     0.912500      2620799        11.43
     245.887     0.925000      2656881        13.33
     262.399     0.937500      2692629        16.00
     272.127     0.943750      2710544        17.78
     282.879     0.950000      2728755        20.00
     294.399     0.956250      2746404        22.86
     307.967     0.962500      2764473        26.67
     325.375     0.968750      2782485        32.00
     335.871     0.971875      2791418        35.56
     348.415     0.975000      2800287        40.00
     363.007     0.978125      2809245        45.71
     381.439     0.981250      2818196        53.33
     405.503     0.984375      2827207        64.00
     420.607     0.985938      2831690        71.11
     436.735     0.987500      2836171        80.00
     453.631     0.989062      2840687        91.43
     475.135     0.990625      2845146       106.67
     497.407     0.992188      2849632       128.00
     512.255     0.992969      2851851       142.22
     532.479     0.993750      2854107       160.00
     557.055     0.994531      2856353       182.86
     591.871     0.995313      2858600       213.33
     644.095     0.996094      2860826       256.00
     679.423     0.996484      2861943       284.44
     779.263     0.996875      2863065       320.00
     897.023     0.997266      2864186       365.71
     962.047     0.997656      2865310       426.67
    1013.247     0.998047      2866441       512.00
    1044.479     0.998242      2866995       568.89
    1073.151     0.998437      2867560       640.00
    1100.799     0.998633      2868114       731.43
    1127.423     0.998828      2868680       853.33
    1167.359     0.999023      2869253      1024.00
    1181.695     0.999121      2869515      1137.78
    1200.127     0.999219      2869811      1280.00
    1215.487     0.999316      2870078      1462.86
    1235.967     0.999414      2870369      1706.67
    1254.399     0.999512      2870642      2048.00
    1265.663     0.999561      2870792      2275.56
    1277.951     0.999609      2870932      2560.00
    1292.287     0.999658      2871064      2925.71
    1305.599     0.999707      2871205      3413.33
    1319.935     0.999756      2871344      4096.00
    1328.127     0.999780      2871412      4551.11
    1337.343     0.999805      2871484      5120.00
    1350.655     0.999829      2871550      5851.43
    1364.991     0.999854      2871622      6826.67
    1375.231     0.999878      2871689      8192.00
    1387.519     0.999890      2871726      9102.22
    1392.639     0.999902      2871760     10240.00
    1398.783     0.999915      2871795     11702.86
    1402.879     0.999927      2871838     13653.33
    1406.975     0.999939      2871868     16384.00
    1410.047     0.999945      2871885     18204.44
    1423.359     0.999951      2871899     20480.00
    1431.551     0.999957      2871921     23405.71
    1434.623     0.999963      2871934     27306.67
    1440.767     0.999969      2871952     32768.00
    1444.863     0.999973      2871962     36408.89
    1447.935     0.999976      2871969     40960.00
    1456.127     0.999979      2871978     46811.43
    1463.295     0.999982      2871987     54613.33
    1481.727     0.999985      2871996     65536.00
    1488.895     0.999986      2872000     72817.78
    1495.039     0.999988      2872004     81920.00
    1503.231     0.999989      2872009     93622.86
    1510.399     0.999991      2872014    109226.67
    1515.519     0.999992      2872018    131072.00
    1517.567     0.999993      2872020    145635.56
    1525.759     0.999994      2872022    163840.00
    1544.191     0.999995      2872024    187245.71
    1546.239     0.999995      2872026    218453.33
    1572.863     0.999996      2872030    262144.00
    1572.863     0.999997      2872030    291271.11
    1579.007     0.999997      2872031    327680.00
    1590.271     0.999997      2872032    374491.43
    1597.439     0.999998      2872033    436906.67
    1600.511     0.999998      2872034    524288.00
    1605.631     0.999998      2872035    582542.22
    1605.631     0.999998      2872035    655360.00
    1607.679     0.999999      2872036    748982.86
    1607.679     0.999999      2872036    873813.33
    1608.703     0.999999      2872037   1048576.00
    1608.703     0.999999      2872037   1165084.44
    1608.703     0.999999      2872037   1310720.00
    1632.255     0.999999      2872038   1497965.71
    1632.255     0.999999      2872038   1747626.67
    1632.255     1.000000      2872038   2097152.00
    1632.255     1.000000      2872038   2330168.89
    1632.255     1.000000      2872038   2621440.00
    1644.543     1.000000      2872039   2995931.43
    1644.543     1.000000      2872039          inf
#[Mean    =       98.369, StdDeviation   =      108.023]
#[Max     =     1643.520, Total count    =      2872039]
#[Buckets =           27, SubBuckets     =         2048]
----------------------------------------------------------
  2982896 requests in 5.00m, 482.64MB read
  Non-2xx or 3xx responses: 698899
Requests/sec:   9942.98
Transfer/sec:      1.61MB
