Running 5m test @ http://10.152.183.55:8080/v2/
  4 threads and 2000 connections
  Thread calibration: mean lat.: 28.296ms, rate sampling interval: 55ms
  Thread calibration: mean lat.: 30.684ms, rate sampling interval: 70ms
  Thread calibration: mean lat.: 43.559ms, rate sampling interval: 89ms
  Thread calibration: mean lat.: 100.327ms, rate sampling interval: 923ms
  Thread Stats   Avg      Stdev     Max   +/- Stdev
    Latency    11.58ms   34.80ms   1.06s    97.93%
    Req/Sec     2.52k   789.89     6.65k    63.09%
  Latency Distribution (HdrHistogram - Recorded Latency)
 50.000%    5.01ms
 75.000%   14.36ms
 90.000%   25.93ms
 99.000%   57.22ms
 99.900%  689.66ms
 99.990%  972.80ms
 99.999%    1.05s 
100.000%    1.06s 

  Detailed Percentile spectrum:
       Value   Percentile   TotalCount 1/(1-Percentile)

       0.088     0.000000            1         1.00
       1.082     0.100000       287848         1.11
       1.592     0.200000       575050         1.25
       2.163     0.300000       862568         1.43
       3.067     0.400000      1150049         1.67
       5.015     0.500000      1437721         2.00
       6.451     0.550000      1581249         2.22
       8.047     0.600000      1725009         2.50
       9.887     0.650000      1868634         2.86
      11.991     0.700000      2012754         3.33
      14.359     0.750000      2156249         4.00
      15.751     0.775000      2227943         4.44
      17.263     0.800000      2300283         5.00
      18.927     0.825000      2371774         5.71
      20.879     0.850000      2443713         6.67
      23.119     0.875000      2515679         8.00
      24.431     0.887500      2551452         8.89
      25.935     0.900000      2587561        10.00
      27.567     0.912500      2623531        11.43
      29.487     0.925000      2659176        13.33
      31.919     0.937500      2695131        16.00
      33.279     0.943750      2713443        17.78
      34.783     0.950000      2731078        20.00
      36.543     0.956250      2749134        22.86
      38.495     0.962500      2767127        26.67
      40.895     0.968750      2784952        32.00
      42.303     0.971875      2794072        35.56
      43.839     0.975000      2803007        40.00
      45.631     0.978125      2811907        45.71
      47.711     0.981250      2820876        53.33
      50.207     0.984375      2829886        64.00
      51.679     0.985938      2834382        71.11
      53.343     0.987500      2838859        80.00
      55.551     0.989062      2843318        91.43
      58.431     0.990625      2847815       106.67
      62.111     0.992188      2852328       128.00
      63.935     0.992969      2854556       142.22
      66.175     0.993750      2856788       160.00
      69.247     0.994531      2859058       182.86
      73.791     0.995313      2861280       213.33
      81.855     0.996094      2863523       256.00
      87.935     0.996484      2864653       284.44
     102.399     0.996875      2865768       320.00
     188.927     0.997266      2866891       365.71
     307.711     0.997656      2868013       426.67
     418.559     0.998047      2869137       512.00
     475.647     0.998242      2869700       568.89
     543.743     0.998437      2870260       640.00
     584.703     0.998633      2870821       731.43
     652.287     0.998828      2871387       853.33
     697.855     0.999023      2871946      1024.00
     744.447     0.999121      2872226      1137.78
     767.487     0.999219      2872508      1280.00
     786.943     0.999316      2872787      1462.86
     817.663     0.999414      2873071      1706.67
     841.727     0.999512      2873358      2048.00
     850.943     0.999561      2873494      2275.56
     866.815     0.999609      2873630      2560.00
     876.543     0.999658      2873770      2925.71
     890.879     0.999707      2873912      3413.33
     906.751     0.999756      2874049      4096.00
     916.479     0.999780      2874130      4551.11
     921.087     0.999805      2874189      5120.00
     949.247     0.999829      2874260      5851.43
     958.463     0.999854      2874334      6826.67
     965.631     0.999878      2874400      8192.00
     969.727     0.999890      2874436      9102.22
     973.823     0.999902      2874473     10240.00
     984.575     0.999915      2874508     11702.86
     991.743     0.999927      2874540     13653.33
    1003.519     0.999939      2874576     16384.00
    1008.127     0.999945      2874600     18204.44
    1009.151     0.999951      2874611     20480.00
    1012.223     0.999957      2874631     23405.71
    1016.319     0.999963      2874645     27306.67
    1020.927     0.999969      2874663     32768.00
    1029.119     0.999973      2874673     36408.89
    1031.167     0.999976      2874682     40960.00
    1033.215     0.999979      2874689     46811.43
    1037.823     0.999982      2874700     54613.33
    1041.919     0.999985      2874708     65536.00
    1043.455     0.999986      2874711     72817.78
    1044.479     0.999988      2874715     81920.00
    1046.015     0.999989      2874722     93622.86
    1046.527     0.999991      2874724    109226.67
    1047.039     0.999992      2874733    131072.00
    1047.039     0.999993      2874733    145635.56
    1047.039     0.999994      2874733    163840.00
    1047.551     0.999995      2874739    187245.71
    1047.551     0.999995      2874739    218453.33
    1048.063     0.999996      2874742    262144.00
    1048.063     0.999997      2874742    291271.11
    1048.063     0.999997      2874742    327680.00
    1048.575     0.999997      2874746    374491.43
    1048.575     0.999998      2874746    436906.67
    1048.575     0.999998      2874746    524288.00
    1048.575     0.999998      2874746    582542.22
    1048.575     0.999998      2874746    655360.00
    1049.599     0.999999      2874749    748982.86
    1049.599     0.999999      2874749    873813.33
    1049.599     0.999999      2874749   1048576.00
    1049.599     0.999999      2874749   1165084.44
    1049.599     0.999999      2874749   1310720.00
    1049.599     0.999999      2874749   1497965.71
    1049.599     0.999999      2874749   1747626.67
    1049.599     1.000000      2874749   2097152.00
    1049.599     1.000000      2874749   2330168.89
    1049.599     1.000000      2874749   2621440.00
    1061.887     1.000000      2874750   2995931.43
    1061.887     1.000000      2874750          inf
#[Mean    =       11.577, StdDeviation   =       34.797]
#[Max     =     1060.864, Total count    =      2874750]
#[Buckets =           27, SubBuckets     =         2048]
----------------------------------------------------------
  2985832 requests in 5.00m, 367.33MB read
Requests/sec:   9952.45
Transfer/sec:      1.22MB
