Running 5m test @ http://10.152.183.55:8080/v2/
  4 threads and 2000 connections
  Thread calibration: mean lat.: 328.121ms, rate sampling interval: 1676ms
  Thread calibration: mean lat.: 423.638ms, rate sampling interval: 2351ms
  Thread calibration: mean lat.: 270.717ms, rate sampling interval: 1383ms
  Thread calibration: mean lat.: 296.326ms, rate sampling interval: 1516ms
  Thread Stats   Avg      Stdev     Max   +/- Stdev
    Latency   899.13ms    1.48s   11.21s    87.07%
    Req/Sec     2.48k   172.16     3.18k    68.07%
  Latency Distribution (HdrHistogram - Recorded Latency)
 50.000%  249.47ms
 75.000%  817.66ms
 90.000%    3.12s 
 99.000%    6.55s 
 99.900%    8.34s 
 99.990%    9.62s 
 99.999%   10.82s 
100.000%   11.22s 

  Detailed Percentile spectrum:
       Value   Percentile   TotalCount 1/(1-Percentile)

       0.315     0.000000            1         1.00
      66.495     0.100000       285760         1.11
     109.119     0.200000       570867         1.25
     148.095     0.300000       856651         1.43
     193.151     0.400000      1141965         1.67
     249.471     0.500000      1427482         2.00
     285.439     0.550000      1569920         2.22
     334.847     0.600000      1712757         2.50
     412.415     0.650000      1855359         2.86
     558.079     0.700000      1997941         3.33
     817.663     0.750000      2140737         4.00
     975.871     0.775000      2211922         4.44
    1186.815     0.800000      2283220         5.00
    1508.351     0.825000      2354747         5.71
    1951.743     0.850000      2425937         6.67
    2478.079     0.875000      2497339         8.00
    2781.183     0.887500      2532996         8.89
    3123.199     0.900000      2568767        10.00
    3477.503     0.912500      2604341        11.43
    3829.759     0.925000      2640156        13.33
    4177.919     0.937500      2675661        16.00
    4362.239     0.943750      2693492        17.78
    4554.751     0.950000      2711527        20.00
    4755.455     0.956250      2729319        22.86
    4976.639     0.962500      2747236        26.67
    5214.207     0.968750      2764844        32.00
    5349.375     0.971875      2773856        35.56
    5500.927     0.975000      2782717        40.00
    5672.959     0.978125      2791730        45.71
    5861.375     0.981250      2800566        53.33
    6074.367     0.984375      2809489        64.00
    6193.151     0.985938      2813959        71.11
    6320.127     0.987500      2818396        80.00
    6459.391     0.989062      2822920        91.43
    6606.847     0.990625      2827286       106.67
    6778.879     0.992188      2831817       128.00
    6877.183     0.992969      2834022       142.22
    6975.487     0.993750      2836217       160.00
    7086.079     0.994531      2838413       182.86
    7204.863     0.995313      2840698       213.33
    7344.127     0.996094      2842888       256.00
    7426.047     0.996484      2844013       284.44
    7507.967     0.996875      2845111       320.00
    7610.367     0.997266      2846249       365.71
    7716.863     0.997656      2847357       426.67
    7843.839     0.998047      2848474       512.00
    7921.663     0.998242      2849029       568.89
    8007.679     0.998437      2849569       640.00
    8110.079     0.998633      2850128       731.43
    8220.671     0.998828      2850678       853.33
    8359.935     0.999023      2851244      1024.00
    8429.567     0.999121      2851533      1137.78
    8511.487     0.999219      2851807      1280.00
    8601.599     0.999316      2852080      1462.86
    8708.095     0.999414      2852361      1706.67
    8814.591     0.999512      2852629      2048.00
    8880.127     0.999561      2852772      2275.56
    8953.855     0.999609      2852911      2560.00
    9035.775     0.999658      2853045      2925.71
    9125.887     0.999707      2853193      3413.33
    9207.807     0.999756      2853324      4096.00
    9256.959     0.999780      2853400      4551.11
    9306.111     0.999805      2853484      5120.00
    9355.263     0.999829      2853536      5851.43
    9420.799     0.999854      2853604      6826.67
    9502.719     0.999878      2853674      8192.00
    9560.063     0.999890      2853708      9102.22
    9633.791     0.999902      2853744     10240.00
    9682.943     0.999915      2853778     11702.86
    9740.287     0.999927      2853814     13653.33
    9846.783     0.999939      2853848     16384.00
    9912.319     0.999945      2853866     18204.44
    9969.663     0.999951      2853883     20480.00
   10043.391     0.999957      2853900     23405.71
   10133.503     0.999963      2853918     27306.67
   10223.615     0.999969      2853934     32768.00
   10280.959     0.999973      2853945     36408.89
   10321.919     0.999976      2853951     40960.00
   10403.839     0.999979      2853960     46811.43
   10477.567     0.999982      2853968     54613.33
   10600.447     0.999985      2853978     65536.00
   10641.407     0.999986      2853981     72817.78
   10772.479     0.999988      2853986     81920.00
   10788.863     0.999989      2853990     93622.86
   10854.399     0.999991      2853995    109226.67
   10903.551     0.999992      2853999    131072.00
   10928.127     0.999993      2854001    145635.56
   10944.511     0.999994      2854003    163840.00
   10985.471     0.999995      2854006    187245.71
   11001.855     0.999995      2854008    218453.33
   11042.815     0.999996      2854010    262144.00
   11051.007     0.999997      2854012    291271.11
   11051.007     0.999997      2854012    327680.00
   11059.199     0.999997      2854013    374491.43
   11091.967     0.999998      2854014    436906.67
   11100.159     0.999998      2854015    524288.00
   11108.351     0.999998      2854016    582542.22
   11108.351     0.999998      2854016    655360.00
   11116.543     0.999999      2854017    748982.86
   11116.543     0.999999      2854017    873813.33
   11132.927     0.999999      2854018   1048576.00
   11132.927     0.999999      2854018   1165084.44
   11132.927     0.999999      2854018   1310720.00
   11157.503     0.999999      2854019   1497965.71
   11157.503     0.999999      2854019   1747626.67
   11157.503     1.000000      2854019   2097152.00
   11157.503     1.000000      2854019   2330168.89
   11157.503     1.000000      2854019   2621440.00
   11223.039     1.000000      2854020   2995931.43
   11223.039     1.000000      2854020          inf
#[Mean    =      899.131, StdDeviation   =     1477.639]
#[Max     =    11214.848, Total count    =      2854020]
#[Buckets =           27, SubBuckets     =         2048]
----------------------------------------------------------
  2964403 requests in 5.00m, 507.44MB read
  Non-2xx or 3xx responses: 10
Requests/sec:   9881.42
Transfer/sec:      1.69MB
