Running 5m test @ http://10.152.183.55:8080/v2/
  4 threads and 2000 connections
  Thread calibration: mean lat.: 152.342ms, rate sampling interval: 600ms
  Thread calibration: mean lat.: 250.079ms, rate sampling interval: 1341ms
  Thread calibration: mean lat.: 223.623ms, rate sampling interval: 1181ms
  Thread calibration: mean lat.: 253.129ms, rate sampling interval: 1389ms
  Thread Stats   Avg      Stdev     Max   +/- Stdev
    Latency     3.17s     4.84s   23.40s    79.71%
    Req/Sec     2.46k   267.59     3.60k    71.25%
  Latency Distribution (HdrHistogram - Recorded Latency)
 50.000%  234.11ms
 75.000%    6.05s 
 90.000%   11.57s 
 99.000%   16.61s 
 99.900%   19.60s 
 99.990%   21.61s 
 99.999%   22.95s 
100.000%   23.41s 

  Detailed Percentile spectrum:
       Value   Percentile   TotalCount 1/(1-Percentile)

       0.346     0.000000            1         1.00
      50.847     0.100000       281832         1.11
      89.919     0.200000       563764         1.25
     127.551     0.300000       845385         1.43
     170.495     0.400000      1126918         1.67
     234.111     0.500000      1408770         2.00
     288.511     0.550000      1549563         2.22
     412.927     0.600000      1690213         2.50
     912.895     0.650000      1830999         2.86
    3090.431     0.700000      1971842         3.33
    6045.695     0.750000      2112739         4.00
    7155.711     0.775000      2183192         4.44
    8122.367     0.800000      2253635         5.00
    8994.815     0.825000      2324173         5.71
    9846.783     0.850000      2394496         6.67
   10715.135     0.875000      2465188         8.00
   11141.119     0.887500      2500161         8.89
   11567.103     0.900000      2535733        10.00
   12009.471     0.912500      2570602        11.43
   12476.415     0.925000      2606108        13.33
   12984.319     0.937500      2641190        16.00
   13246.463     0.943750      2658534        17.78
   13541.375     0.950000      2676102        20.00
   13860.863     0.956250      2693654        22.86
   14204.927     0.962500      2711644        26.67
   14573.567     0.968750      2728988        32.00
   14794.751     0.971875      2737943        35.56
   15015.935     0.975000      2746660        40.00
   15269.887     0.978125      2755459        45.71
   15564.799     0.981250      2764225        53.33
   15900.671     0.984375      2773022        64.00
   16080.895     0.985938      2777296        71.11
   16277.503     0.987500      2781833        80.00
   16482.303     0.989062      2786262        91.43
   16703.487     0.990625      2790534       106.67
   16957.439     0.992188      2794966       128.00
   17104.895     0.992969      2797091       142.22
   17285.119     0.993750      2799401       160.00
   17481.727     0.994531      2801521       182.86
   17694.719     0.995313      2803690       213.33
   17940.479     0.996094      2806012       256.00
   18071.551     0.996484      2807128       284.44
   18219.007     0.996875      2808127       320.00
   18399.231     0.997266      2809223       365.71
   18595.839     0.997656      2810300       426.67
   18857.983     0.998047      2811454       512.00
   18989.055     0.998242      2811974       568.89
   19103.743     0.998437      2812496       640.00
   19251.199     0.998633      2813063       731.43
   19431.423     0.998828      2813625       853.33
   19611.647     0.999023      2814159      1024.00
   19709.951     0.999121      2814442      1137.78
   19808.255     0.999219      2814692      1280.00
   19939.327     0.999316      2815010      1462.86
   20086.783     0.999414      2815251      1706.67
   20250.623     0.999512      2815519      2048.00
   20365.311     0.999561      2815660      2275.56
   20479.999     0.999609      2815801      2560.00
   20594.687     0.999658      2815942      2925.71
   20709.375     0.999707      2816073      3413.33
   20856.831     0.999756      2816212      4096.00
   20938.751     0.999780      2816275      4551.11
   21037.055     0.999805      2816340      5120.00
   21135.359     0.999829      2816415      5851.43
   21250.047     0.999854      2816483      6826.67
   21413.887     0.999878      2816550      8192.00
   21528.575     0.999890      2816583      9102.22
   21626.879     0.999902      2816616     10240.00
   21774.335     0.999915      2816652     11702.86
   21938.175     0.999927      2816685     13653.33
   22069.247     0.999939      2816719     16384.00
   22134.783     0.999945      2816736     18204.44
   22200.319     0.999951      2816753     20480.00
   22265.855     0.999957      2816770     23405.71
   22347.775     0.999963      2816788     27306.67
   22478.847     0.999969      2816806     32768.00
   22544.383     0.999973      2816813     36408.89
   22593.535     0.999976      2816824     40960.00
   22626.303     0.999979      2816832     46811.43
   22691.839     0.999982      2816839     54613.33
   22806.527     0.999985      2816850     65536.00
   22839.295     0.999986      2816852     72817.78
   22855.679     0.999988      2816856     81920.00
   22904.831     0.999989      2816860     93622.86
   22970.367     0.999991      2816865    109226.67
   23035.903     0.999992      2816869    131072.00
   23068.671     0.999993      2816872    145635.56
   23085.055     0.999994      2816873    163840.00
   23101.439     0.999995      2816877    187245.71
   23117.823     0.999995      2816879    218453.33
   23134.207     0.999996      2816880    262144.00
   23150.591     0.999997      2816881    291271.11
   23166.975     0.999997      2816882    327680.00
   23183.359     0.999997      2816883    374491.43
   23199.743     0.999998      2816884    436906.67
   23216.127     0.999998      2816885    524288.00
   23347.199     0.999998      2816887    582542.22
   23347.199     0.999998      2816887    655360.00
   23347.199     0.999999      2816887    748982.86
   23347.199     0.999999      2816887    873813.33
   23363.583     0.999999      2816888   1048576.00
   23363.583     0.999999      2816888   1165084.44
   23363.583     0.999999      2816888   1310720.00
   23379.967     0.999999      2816889   1497965.71
   23379.967     0.999999      2816889   1747626.67
   23379.967     1.000000      2816889   2097152.00
   23379.967     1.000000      2816889   2330168.89
   23379.967     1.000000      2816889   2621440.00
   23412.735     1.000000      2816890   2995931.43
   23412.735     1.000000      2816890          inf
#[Mean    =     3170.674, StdDeviation   =     4842.165]
#[Max     =    23396.352, Total count    =      2816890]
#[Buckets =           27, SubBuckets     =         2048]
----------------------------------------------------------
  2925695 requests in 5.00m, 500.55MB read
Requests/sec:   9752.16
Transfer/sec:      1.67MB
