Running 5m test @ http://10.152.183.55:8080/v2/
  4 threads and 2000 connections
  Thread calibration: mean lat.: 39.133ms, rate sampling interval: 78ms
  Thread calibration: mean lat.: 49.385ms, rate sampling interval: 93ms
  Thread calibration: mean lat.: 34.971ms, rate sampling interval: 78ms
  Thread calibration: mean lat.: 43.645ms, rate sampling interval: 92ms
  Thread Stats   Avg      Stdev     Max   +/- Stdev
    Latency    14.23ms   42.36ms   1.05s    98.33%
    Req/Sec     2.52k   696.09     9.31k    60.03%
  Latency Distribution (HdrHistogram - Recorded Latency)
 50.000%    6.66ms
 75.000%   16.78ms
 90.000%   31.28ms
 99.000%   65.44ms
 99.900%  792.58ms
 99.990%  997.89ms
 99.999%    1.04s 
100.000%    1.05s 

  Detailed Percentile spectrum:
       Value   Percentile   TotalCount 1/(1-Percentile)

       0.096     0.000000            1         1.00
       1.221     0.100000       287631         1.11
       1.842     0.200000       575108         1.25
       2.675     0.300000       862631         1.43
       4.307     0.400000      1149996         1.67
       6.663     0.500000      1437710         2.00
       8.059     0.550000      1581472         2.22
       9.703     0.600000      1725333         2.50
      11.695     0.650000      1868963         2.86
      13.975     0.700000      2012708         3.33
      16.783     0.750000      2156220         4.00
      18.367     0.775000      2228689         4.44
      20.127     0.800000      2300274         5.00
      22.271     0.825000      2372166         5.71
      24.815     0.850000      2443740         6.67
      27.839     0.875000      2515861         8.00
      29.519     0.887500      2551759         8.89
      31.279     0.900000      2587464        10.00
      33.151     0.912500      2623478        11.43
      35.391     0.925000      2659430        13.33
      38.015     0.937500      2695308        16.00
      39.487     0.943750      2713425        17.78
      41.087     0.950000      2731235        20.00
      42.911     0.956250      2749201        22.86
      44.959     0.962500      2767172        26.67
      47.551     0.968750      2785343        32.00
      48.959     0.971875      2794244        35.56
      50.591     0.975000      2803079        40.00
      52.447     0.978125      2812132        45.71
      54.751     0.981250      2821139        53.33
      57.727     0.984375      2830040        64.00
      59.455     0.985938      2834526        71.11
      61.471     0.987500      2839047        80.00
      63.711     0.989062      2843520        91.43
      66.815     0.990625      2848046       106.67
      70.847     0.992188      2852547       128.00
      73.727     0.992969      2854738       142.22
      78.271     0.993750      2856997       160.00
      85.119     0.994531      2859234       182.86
     110.463     0.995313      2861478       213.33
     242.943     0.996094      2863722       256.00
     328.191     0.996484      2864845       284.44
     401.407     0.996875      2865970       320.00
     465.663     0.997266      2867097       365.71
     543.231     0.997656      2868216       426.67
     616.959     0.998047      2869343       512.00
     647.167     0.998242      2869906       568.89
     674.303     0.998437      2870460       640.00
     717.823     0.998633      2871026       731.43
     767.999     0.998828      2871589       853.33
     796.159     0.999023      2872153      1024.00
     815.103     0.999121      2872439      1137.78
     833.023     0.999219      2872706      1280.00
     847.359     0.999316      2872989      1462.86
     864.255     0.999414      2873277      1706.67
     875.519     0.999512      2873554      2048.00
     886.271     0.999561      2873694      2275.56
     900.607     0.999609      2873833      2560.00
     911.871     0.999658      2873971      2925.71
     927.743     0.999707      2874112      3413.33
     945.663     0.999756      2874264      4096.00
     947.711     0.999780      2874323      4551.11
     952.319     0.999805      2874391      5120.00
     975.871     0.999829      2874462      5851.43
     983.551     0.999854      2874535      6826.67
     991.231     0.999878      2874606      8192.00
     996.351     0.999890      2874645      9102.22
     998.399     0.999902      2874678     10240.00
    1001.983     0.999915      2874709     11702.86
    1008.127     0.999927      2874746     13653.33
    1013.759     0.999939      2874778     16384.00
    1017.855     0.999945      2874797     18204.44
    1020.415     0.999951      2874813     20480.00
    1023.999     0.999957      2874833     23405.71
    1028.095     0.999963      2874848     27306.67
    1031.679     0.999969      2874868     32768.00
    1032.191     0.999973      2874875     36408.89
    1033.215     0.999976      2874888     40960.00
    1033.727     0.999979      2874895     46811.43
    1034.239     0.999982      2874902     54613.33
    1035.263     0.999985      2874910     65536.00
    1035.775     0.999986      2874916     72817.78
    1036.287     0.999988      2874924     81920.00
    1036.287     0.999989      2874924     93622.86
    1036.799     0.999991      2874928    109226.67
    1039.359     0.999992      2874931    131072.00
    1039.871     0.999993      2874935    145635.56
    1039.871     0.999994      2874935    163840.00
    1041.919     0.999995      2874937    187245.71
    1045.503     0.999995      2874939    218453.33
    1050.623     0.999996      2874942    262144.00
    1051.647     0.999997      2874944    291271.11
    1051.647     0.999997      2874944    327680.00
    1052.671     0.999997      2874952    374491.43
    1052.671     1.000000      2874952          inf
#[Mean    =       14.227, StdDeviation   =       42.358]
#[Max     =     1051.648, Total count    =      2874952]
#[Buckets =           27, SubBuckets     =         2048]
----------------------------------------------------------
  2986061 requests in 5.00m, 367.36MB read
Requests/sec:   9953.15
Transfer/sec:      1.22MB
Running 5m test @ http://10.152.183.55:8080/v2/
  4 threads and 2000 connections
  Thread calibration: mean lat.: 41.511ms, rate sampling interval: 76ms
  Thread calibration: mean lat.: 24.114ms, rate sampling interval: 50ms
  Thread calibration: mean lat.: 38.439ms, rate sampling interval: 66ms
  Thread calibration: mean lat.: 37.709ms, rate sampling interval: 60ms
  Thread Stats   Avg      Stdev     Max   +/- Stdev
    Latency    18.06ms   70.84ms   1.09s    98.53%
    Req/Sec     2.54k     1.08k   10.20k    64.62%
  Latency Distribution (HdrHistogram - Recorded Latency)
 50.000%    5.28ms
 75.000%   15.49ms
 90.000%   30.05ms
 99.000%  350.72ms
 99.900%  921.60ms
 99.990%    1.03s 
 99.999%    1.07s 
100.000%    1.09s 

  Detailed Percentile spectrum:
       Value   Percentile   TotalCount 1/(1-Percentile)

       0.094     0.000000            1         1.00
       1.127     0.100000       287631         1.11
       1.676     0.200000       575189         1.25
       2.325     0.300000       862656         1.43
       3.407     0.400000      1150069         1.67
       5.283     0.500000      1437485         2.00
       6.595     0.550000      1581364         2.22
       8.199     0.600000      1725166         2.50
      10.175     0.650000      1869204         2.86
      12.591     0.700000      2012836         3.33
      15.487     0.750000      2156291         4.00
      17.231     0.775000      2228547         4.44
      19.199     0.800000      2300381         5.00
      21.391     0.825000      2372261         5.71
      23.807     0.850000      2443970         6.67
      26.671     0.875000      2515797         8.00
      28.255     0.887500      2551508         8.89
      30.047     0.900000      2587525        10.00
      32.111     0.912500      2623433        11.43
      34.623     0.925000      2659509        13.33
      37.663     0.937500      2695390        16.00
      39.391     0.943750      2713298        17.78
      41.311     0.950000      2731237        20.00
      43.583     0.956250      2749269        22.86
      46.559     0.962500      2767206        26.67
      50.527     0.968750      2785110        32.00
      53.183     0.971875      2794066        35.56
      56.255     0.975000      2803039        40.00
      59.743     0.978125      2812029        45.71
      65.055     0.981250      2820982        53.33
      77.887     0.984375      2829973        64.00
      98.815     0.985938      2834465        71.11
     196.863     0.987500      2838947        80.00
     295.423     0.989062      2843441        91.43
     396.287     0.990625      2847933       106.67
     491.775     0.992188      2852424       128.00
     541.183     0.992969      2854689       142.22
     595.967     0.993750      2856949       160.00
     637.951     0.994531      2859181       182.86
     687.615     0.995313      2861426       213.33
     736.767     0.996094      2863664       256.00
     764.927     0.996484      2864789       284.44
     795.647     0.996875      2865908       320.00
     820.223     0.997266      2867044       365.71
     836.095     0.997656      2868169       426.67
     860.159     0.998047      2869288       512.00
     869.887     0.998242      2869831       568.89
     884.223     0.998437      2870392       640.00
     897.535     0.998633      2870954       731.43
     908.799     0.998828      2871516       853.33
     922.623     0.999023      2872085      1024.00
     928.255     0.999121      2872364      1137.78
     936.959     0.999219      2872651      1280.00
     946.687     0.999316      2872934      1462.86
     960.511     0.999414      2873212      1706.67
     970.751     0.999512      2873486      2048.00
     979.967     0.999561      2873626      2275.56
     985.599     0.999609      2873763      2560.00
     990.719     0.999658      2873912      2925.71
     996.863     0.999707      2874045      3413.33
    1003.519     0.999756      2874185      4096.00
    1006.591     0.999780      2874253      4551.11
    1011.711     0.999805      2874322      5120.00
    1017.343     0.999829      2874392      5851.43
    1020.927     0.999854      2874466      6826.67
    1023.487     0.999878      2874541      8192.00
    1025.535     0.999890      2874569      9102.22
    1029.119     0.999902      2874605     10240.00
    1033.215     0.999915      2874647     11702.86
    1036.287     0.999927      2874683     13653.33
    1040.383     0.999939      2874710     16384.00
    1043.967     0.999945      2874726     18204.44
    1045.503     0.999951      2874743     20480.00
    1048.575     0.999957      2874767     23405.71
    1052.671     0.999963      2874781     27306.67
    1057.791     0.999969      2874796     32768.00
    1063.935     0.999973      2874807     36408.89
    1064.959     0.999976      2874815     40960.00
    1068.031     0.999979      2874829     46811.43
    1069.055     0.999982      2874834     54613.33
    1071.103     0.999985      2874842     65536.00
    1073.151     0.999986      2874844     72817.78
    1074.175     0.999988      2874866     81920.00
    1074.175     0.999989      2874866     93622.86
    1074.175     0.999991      2874866    109226.67
    1074.175     0.999992      2874866    131072.00
    1074.175     0.999993      2874866    145635.56
    1074.175     0.999994      2874866    163840.00
    1075.199     0.999995      2874878    187245.71
    1075.199     0.999995      2874878    218453.33
    1075.199     0.999996      2874878    262144.00
    1075.199     0.999997      2874878    291271.11
    1075.199     0.999997      2874878    327680.00
    1075.199     0.999997      2874878    374491.43
    1075.199     0.999998      2874878    436906.67
    1075.199     0.999998      2874878    524288.00
    1076.223     0.999998      2874879    582542.22
    1076.223     0.999998      2874879    655360.00
    1077.247     0.999999      2874880    748982.86
    1077.247     0.999999      2874880    873813.33
    1078.271     0.999999      2874881   1048576.00
    1078.271     0.999999      2874881   1165084.44
    1078.271     0.999999      2874881   1310720.00
    1090.559     0.999999      2874882   1497965.71
    1090.559     0.999999      2874882   1747626.67
    1090.559     1.000000      2874882   2097152.00
    1090.559     1.000000      2874882   2330168.89
    1090.559     1.000000      2874882   2621440.00
    1091.583     1.000000      2874883   2995931.43
    1091.583     1.000000      2874883          inf
#[Mean    =       18.057, StdDeviation   =       70.841]
#[Max     =     1090.560, Total count    =      2874883]
#[Buckets =           27, SubBuckets     =         2048]
----------------------------------------------------------
  2985778 requests in 5.00m, 367.32MB read
Requests/sec:   9952.06
Transfer/sec:      1.22MB
