Running 5m test @ http://10.152.183.55:8080/v2/
  4 threads and 2000 connections
  Thread calibration: mean lat.: 25.974ms, rate sampling interval: 63ms
  Thread calibration: mean lat.: 45.436ms, rate sampling interval: 99ms
  Thread calibration: mean lat.: 49.132ms, rate sampling interval: 106ms
  Thread calibration: mean lat.: 10.987ms, rate sampling interval: 53ms
  Thread Stats   Avg      Stdev     Max   +/- Stdev
    Latency    17.43ms   44.29ms   1.05s    96.69%
    Req/Sec     2.53k     0.88k    9.53k    63.25%
  Latency Distribution (HdrHistogram - Recorded Latency)
 50.000%    7.86ms
 75.000%   21.87ms
 90.000%   39.90ms
 99.000%   97.41ms
 99.900%  799.23ms
 99.990%  992.26ms
 99.999%    1.03s 
100.000%    1.05s 

  Detailed Percentile spectrum:
       Value   Percentile   TotalCount 1/(1-Percentile)

       0.110     0.000000            1         1.00
       1.150     0.100000       287598         1.11
       1.725     0.200000       575368         1.25
       2.459     0.300000       862623         1.43
       4.147     0.400000      1150197         1.67
       7.859     0.500000      1437680         2.00
       9.999     0.550000      1581557         2.22
      12.439     0.600000      1725330         2.50
      15.135     0.650000      1868869         2.86
      18.191     0.700000      2012516         3.33
      21.871     0.750000      2156618         4.00
      23.887     0.775000      2228281         4.44
      26.271     0.800000      2300001         5.00
      28.927     0.825000      2371806         5.71
      32.047     0.850000      2443652         6.67
      35.679     0.875000      2515947         8.00
      37.695     0.887500      2551698         8.89
      39.903     0.900000      2587670        10.00
      42.495     0.912500      2623396        11.43
      45.407     0.925000      2659205        13.33
      48.863     0.937500      2695177        16.00
      50.975     0.943750      2713125        17.78
      53.279     0.950000      2731139        20.00
      55.903     0.956250      2749145        22.86
      58.943     0.962500      2767045        26.67
      62.975     0.968750      2785028        32.00
      65.375     0.971875      2793920        35.56
      68.095     0.975000      2802902        40.00
      71.743     0.978125      2811932        45.71
      76.287     0.981250      2820949        53.33
      82.239     0.984375      2829864        64.00
      85.311     0.985938      2834380        71.11
      89.023     0.987500      2838895        80.00
      94.015     0.989062      2843357        91.43
     100.223     0.990625      2847828       106.67
     106.623     0.992188      2852334       128.00
     109.887     0.992969      2854553       142.22
     114.751     0.993750      2856811       160.00
     121.407     0.994531      2859043       182.86
     150.399     0.995313      2861288       213.33
     252.287     0.996094      2863534       256.00
     322.559     0.996484      2864657       284.44
     403.199     0.996875      2865783       320.00
     473.087     0.997266      2866906       365.71
     548.863     0.997656      2868034       426.67
     622.591     0.998047      2869150       512.00
     660.991     0.998242      2869712       568.89
     689.151     0.998437      2870273       640.00
     731.135     0.998633      2870835       731.43
     772.607     0.998828      2871418       853.33
     801.279     0.999023      2871956      1024.00
     820.735     0.999121      2872238      1137.78
     841.215     0.999219      2872526      1280.00
     860.671     0.999316      2872806      1462.86
     876.031     0.999414      2873098      1706.67
     886.783     0.999512      2873365      2048.00
     894.975     0.999561      2873501      2275.56
     905.727     0.999609      2873650      2560.00
     919.039     0.999658      2873785      2925.71
     940.543     0.999707      2873922      3413.33
     951.295     0.999756      2874066      4096.00
     956.415     0.999780      2874136      4551.11
     972.799     0.999805      2874208      5120.00
     980.479     0.999829      2874277      5851.43
     984.575     0.999854      2874344      6826.67
     986.623     0.999878      2874425      8192.00
     990.207     0.999890      2874451      9102.22
     992.767     0.999902      2874487     10240.00
     994.303     0.999915      2874519     11702.86
     998.399     0.999927      2874556     13653.33
    1004.543     0.999939      2874588     16384.00
    1005.567     0.999945      2874606     18204.44
    1010.175     0.999951      2874623     20480.00
    1012.223     0.999957      2874652     23405.71
    1012.735     0.999963      2874663     27306.67
    1013.759     0.999969      2874677     32768.00
    1015.295     0.999973      2874685     36408.89
    1016.831     0.999976      2874697     40960.00
    1018.367     0.999979      2874703     46811.43
    1020.415     0.999982      2874712     54613.33
    1022.463     0.999985      2874720     65536.00
    1023.999     0.999986      2874724     72817.78
    1027.071     0.999988      2874731     81920.00
    1027.583     0.999989      2874733     93622.86
    1028.607     0.999991      2874737    109226.67
    1030.143     0.999992      2874742    131072.00
    1031.679     0.999993      2874744    145635.56
    1033.215     0.999994      2874746    163840.00
    1033.727     0.999995      2874748    187245.71
    1037.311     0.999995      2874750    218453.33
    1039.359     0.999996      2874755    262144.00
    1039.359     0.999997      2874755    291271.11
    1039.359     0.999997      2874755    327680.00
    1040.383     0.999997      2874756    374491.43
    1044.991     0.999998      2874760    436906.67
    1044.991     0.999998      2874760    524288.00
    1044.991     0.999998      2874760    582542.22
    1044.991     0.999998      2874760    655360.00
    1044.991     0.999999      2874760    748982.86
    1044.991     0.999999      2874760    873813.33
    1045.503     0.999999      2874762   1048576.00
    1045.503     0.999999      2874762   1165084.44
    1045.503     0.999999      2874762   1310720.00
    1045.503     0.999999      2874762   1497965.71
    1045.503     0.999999      2874762   1747626.67
    1045.503     1.000000      2874762   2097152.00
    1045.503     1.000000      2874762   2330168.89
    1045.503     1.000000      2874762   2621440.00
    1046.015     1.000000      2874763   2995931.43
    1046.015     1.000000      2874763          inf
#[Mean    =       17.430, StdDeviation   =       44.288]
#[Max     =     1045.504, Total count    =      2874763]
#[Buckets =           27, SubBuckets     =         2048]
----------------------------------------------------------
  2986593 requests in 5.00m, 367.42MB read
Requests/sec:   9954.84
Transfer/sec:      1.22MB
