Running 1m test @ http://10.15.224.38:8080/v2/
  2 threads and 100 connections
  Thread calibration: mean lat.: 59.539ms, rate sampling interval: 203ms
  Thread calibration: mean lat.: 58.984ms, rate sampling interval: 200ms
  Thread Stats   Avg      Stdev     Max   +/- Stdev
    Latency    72.81ms   45.46ms 231.42ms   64.93%
    Req/Sec     1.25k    86.09     1.47k    66.67%
  Latency Distribution (HdrHistogram - Recorded Latency)
 50.000%   58.72ms
 75.000%  108.67ms
 90.000%  138.88ms
 99.000%  185.98ms
 99.900%  215.04ms
 99.990%  226.43ms
 99.999%  231.55ms
100.000%  231.55ms

  Detailed Percentile spectrum:
       Value   Percentile   TotalCount 1/(1-Percentile)

       0.392     0.000000            1         1.00
      21.743     0.100000        12428         1.11
      32.191     0.200000        24865         1.25
      40.255     0.300000        37283         1.43
      47.807     0.400000        49708         1.67
      58.719     0.500000        62115         2.00
      67.583     0.550000        68344         2.22
      78.527     0.600000        74554         2.50
      89.087     0.650000        80751         2.86
      98.879     0.700000        86971         3.33
     108.671     0.750000        93175         4.00
     113.983     0.775000        96294         4.44
     118.975     0.800000        99395         5.00
     124.031     0.825000       102495         5.71
     128.703     0.850000       105598         6.67
     133.631     0.875000       108711         8.00
     136.191     0.887500       110307         8.89
     138.879     0.900000       111807        10.00
     141.951     0.912500       113375        11.43
     145.407     0.925000       114948        13.33
     148.607     0.937500       116478        16.00
     150.655     0.943750       117245        17.78
     152.959     0.950000       118023        20.00
     155.775     0.956250       118807        22.86
     158.847     0.962500       119568        26.67
     162.943     0.968750       120375        32.00
     165.247     0.971875       120731        35.56
     167.935     0.975000       121129        40.00
     170.879     0.978125       121517        45.71
     173.951     0.981250       121900        53.33
     177.919     0.984375       122293        64.00
     179.967     0.985938       122480        71.11
     181.887     0.987500       122681        80.00
     183.935     0.989062       122869        91.43
     187.135     0.990625       123078       106.67
     190.079     0.992188       123255       128.00
     191.743     0.992969       123356       142.22
     193.791     0.993750       123449       160.00
     195.839     0.994531       123549       182.86
     197.631     0.995313       123646       213.33
     200.319     0.996094       123740       256.00
     202.367     0.996484       123789       284.44
     203.519     0.996875       123836       320.00
     204.799     0.997266       123884       365.71
     206.719     0.997656       123938       426.67
     207.999     0.998047       123981       512.00
     210.303     0.998242       124007       568.89
     211.071     0.998437       124030       640.00
     211.711     0.998633       124054       731.43
     212.863     0.998828       124078       853.33
     215.167     0.999023       124102      1024.00
     215.679     0.999121       124116      1137.78
     216.319     0.999219       124126      1280.00
     217.215     0.999316       124139      1462.86
     218.367     0.999414       124156      1706.67
     219.775     0.999512       124163      2048.00
     220.159     0.999561       124169      2275.56
     221.055     0.999609       124177      2560.00
     221.439     0.999658       124182      2925.71
     221.951     0.999707       124187      3413.33
     222.335     0.999756       124193      4096.00
     223.231     0.999780       124196      4551.11
     223.487     0.999805       124199      5120.00
     224.127     0.999829       124205      5851.43
     224.127     0.999854       124205      6826.67
     225.151     0.999878       124208      8192.00
     226.047     0.999890       124210      9102.22
     226.431     0.999902       124211     10240.00
     227.071     0.999915       124213     11702.86
     227.327     0.999927       124215     13653.33
     227.711     0.999939       124217     16384.00
     227.711     0.999945       124217     18204.44
     227.711     0.999951       124217     20480.00
     229.247     0.999957       124219     23405.71
     229.247     0.999963       124219     27306.67
     230.143     0.999969       124221     32768.00
     230.143     0.999973       124221     36408.89
     230.143     0.999976       124221     40960.00
     230.143     0.999979       124221     46811.43
     230.143     0.999982       124221     54613.33
     231.551     0.999985       124223     65536.00
     231.551     1.000000       124223          inf
#[Mean    =       72.813, StdDeviation   =       45.460]
#[Max     =      231.424, Total count    =       124223]
#[Buckets =           27, SubBuckets     =         2048]
----------------------------------------------------------
  149343 requests in 1.00m, 25.47MB read
Requests/sec:   2488.73
Transfer/sec:    434.71KB
