Running 1m test @ http://10.15.224.38:8080/v2/
  2 threads and 100 connections
  Thread calibration: mean lat.: 122.266ms, rate sampling interval: 369ms
  Thread calibration: mean lat.: 121.667ms, rate sampling interval: 365ms
  Thread Stats   Avg      Stdev     Max   +/- Stdev
    Latency     1.40s   660.59ms   2.19s    57.79%
    Req/Sec     1.20k    83.45     1.37k    77.78%
  Latency Distribution (HdrHistogram - Recorded Latency)
 50.000%    1.56s 
 75.000%    2.03s 
 90.000%    2.09s 
 99.000%    2.13s 
 99.900%    2.16s 
 99.990%    2.19s 
 99.999%    2.19s 
100.000%    2.20s 

  Detailed Percentile spectrum:
       Value   Percentile   TotalCount 1/(1-Percentile)

     158.463     0.000000            1         1.00
     311.295     0.100000        11982         1.11
     670.719     0.200000        23985         1.25
     876.031     0.300000        35915         1.43
    1456.127     0.400000        48053         1.67
    1556.479     0.500000        59875         2.00
    1691.647     0.550000        65887         2.22
    1751.039     0.600000        71832         2.50
    1855.487     0.650000        77837         2.86
    1961.983     0.700000        83804         3.33
    2026.495     0.750000        89896         4.00
    2041.855     0.775000        92828         4.44
    2053.119     0.800000        95822         5.00
    2063.359     0.825000        99101         5.71
    2070.527     0.850000       101769         6.67
    2078.719     0.875000       104946         8.00
    2082.815     0.887500       106481         8.89
    2086.911     0.900000       107930        10.00
    2091.007     0.912500       109339        11.43
    2095.103     0.925000       110795        13.33
    2101.247     0.937500       112772        16.00
    2103.295     0.943750       113397        17.78
    2105.343     0.950000       113998        20.00
    2107.391     0.956250       114549        22.86
    2111.487     0.962500       115541        26.67
    2115.583     0.968750       116375        32.00
    2115.583     0.971875       116375        35.56
    2117.631     0.975000       116767        40.00
    2119.679     0.978125       117106        45.71
    2123.775     0.981250       117682        53.33
    2125.823     0.984375       117960        64.00
    2127.871     0.985938       118194        71.11
    2129.919     0.987500       118400        80.00
    2131.967     0.989062       118576        91.43
    2134.015     0.990625       118747       106.67
    2136.063     0.992188       118901       128.00
    2136.063     0.992969       118901       142.22
    2138.111     0.993750       119023       160.00
    2140.159     0.994531       119143       182.86
    2142.207     0.995313       119227       213.33
    2144.255     0.996094       119318       256.00
    2144.255     0.996484       119318       284.44
    2146.303     0.996875       119376       320.00
    2148.351     0.997266       119424       365.71
    2150.399     0.997656       119458       426.67
    2152.447     0.998047       119496       512.00
    2154.495     0.998242       119524       568.89
    2156.543     0.998437       119546       640.00
    2158.591     0.998633       119566       731.43
    2160.639     0.998828       119586       853.33
    2162.687     0.999023       119603      1024.00
    2164.735     0.999121       119615      1137.78
    2166.783     0.999219       119626      1280.00
    2170.879     0.999316       119644      1462.86
    2172.927     0.999414       119654      1706.67
    2174.975     0.999512       119665      2048.00
    2174.975     0.999561       119665      2275.56
    2177.023     0.999609       119677      2560.00
    2177.023     0.999658       119677      2925.71
    2179.071     0.999707       119684      3413.33
    2181.119     0.999756       119687      4096.00
    2183.167     0.999780       119695      4551.11
    2183.167     0.999805       119695      5120.00
    2183.167     0.999829       119695      5851.43
    2185.215     0.999854       119698      6826.67
    2187.263     0.999878       119705      8192.00
    2187.263     0.999890       119705      9102.22
    2187.263     0.999902       119705     10240.00
    2187.263     0.999915       119705     11702.86
    2189.311     0.999927       119709     13653.33
    2189.311     0.999939       119709     16384.00
    2189.311     0.999945       119709     18204.44
    2191.359     0.999951       119712     20480.00
    2191.359     0.999957       119712     23405.71
    2191.359     0.999963       119712     27306.67
    2191.359     0.999969       119712     32768.00
    2191.359     0.999973       119712     36408.89
    2193.407     0.999976       119714     40960.00
    2193.407     0.999979       119714     46811.43
    2193.407     0.999982       119714     54613.33
    2193.407     0.999985       119714     65536.00
    2193.407     0.999986       119714     72817.78
    2193.407     0.999988       119714     81920.00
    2193.407     0.999989       119714     93622.86
    2193.407     0.999991       119714    109226.67
    2195.455     0.999992       119715    131072.00
    2195.455     1.000000       119715          inf
#[Mean    =     1399.516, StdDeviation   =      660.589]
#[Max     =     2193.408, Total count    =       119715]
#[Buckets =           27, SubBuckets     =         2048]
----------------------------------------------------------
  144609 requests in 1.00m, 24.69MB read
Requests/sec:   2409.85
Transfer/sec:    421.25KB
