Running 1m test @ http://10.15.224.38:8080/v2/
  2 threads and 100 connections
  Thread calibration: mean lat.: 60.067ms, rate sampling interval: 177ms
  Thread calibration: mean lat.: 59.417ms, rate sampling interval: 175ms
  Thread Stats   Avg      Stdev     Max   +/- Stdev
    Latency   296.72ms  232.42ms 912.38ms   81.71%
    Req/Sec     1.24k   100.75     1.47k    71.23%
  Latency Distribution (HdrHistogram - Recorded Latency)
 50.000%  217.98ms
 75.000%  377.09ms
 90.000%  777.73ms
 99.000%  843.78ms
 99.900%  872.45ms
 99.990%  896.00ms
 99.999%  910.85ms
100.000%  912.90ms

  Detailed Percentile spectrum:
       Value   Percentile   TotalCount 1/(1-Percentile)

      27.103     0.000000            1         1.00
      80.703     0.100000        12286         1.11
     100.351     0.200000        24553         1.25
     119.935     0.300000        36794         1.43
     147.327     0.400000        49082         1.67
     217.983     0.500000        61303         2.00
     327.935     0.550000        67475         2.22
     345.343     0.600000        73566         2.50
     356.607     0.650000        79777         2.86
     366.591     0.700000        85959         3.33
     377.087     0.750000        92059         4.00
     383.231     0.775000        95048         4.44
     390.655     0.800000        98144         5.00
     401.919     0.825000       101149         5.71
     465.407     0.850000       104206         6.67
     738.815     0.875000       107276         8.00
     766.463     0.887500       108855         8.89
     777.727     0.900000       110347        10.00
     786.431     0.912500       111919        11.43
     794.623     0.925000       113460        13.33
     802.303     0.937500       115031        16.00
     805.887     0.943750       115781        17.78
     809.471     0.950000       116527        20.00
     813.567     0.956250       117309        22.86
     817.663     0.962500       118060        26.67
     822.271     0.968750       118827        32.00
     824.831     0.971875       119175        35.56
     827.391     0.975000       119545        40.00
     829.951     0.978125       119918        45.71
     833.535     0.981250       120368        53.33
     836.607     0.984375       120715        64.00
     838.143     0.985938       120892        71.11
     840.191     0.987500       121102        80.00
     842.239     0.989062       121266        91.43
     844.799     0.990625       121462       106.67
     847.359     0.992188       121647       128.00
     848.895     0.992969       121740       142.22
     850.431     0.993750       121836       160.00
     852.479     0.994531       121935       182.86
     854.527     0.995313       122026       213.33
     857.087     0.996094       122127       256.00
     858.623     0.996484       122185       284.44
     859.647     0.996875       122212       320.00
     861.695     0.997266       122264       365.71
     863.743     0.997656       122322       426.67
     865.279     0.998047       122359       512.00
     866.815     0.998242       122382       568.89
     868.351     0.998437       122407       640.00
     869.375     0.998633       122428       731.43
     871.423     0.998828       122452       853.33
     872.959     0.999023       122483      1024.00
     873.983     0.999121       122492      1137.78
     875.007     0.999219       122502      1280.00
     876.031     0.999316       122518      1462.86
     877.055     0.999414       122524      1706.67
     879.103     0.999512       122537      2048.00
     880.639     0.999561       122545      2275.56
     881.663     0.999609       122548      2560.00
     883.711     0.999658       122554      2925.71
     884.735     0.999707       122561      3413.33
     886.271     0.999756       122566      4096.00
     888.319     0.999780       122569      4551.11
     891.391     0.999805       122572      5120.00
     892.927     0.999829       122575      5851.43
     893.951     0.999854       122579      6826.67
     895.487     0.999878       122582      8192.00
     895.487     0.999890       122582      9102.22
     896.511     0.999902       122584     10240.00
     897.535     0.999915       122585     11702.86
     899.071     0.999927       122587     13653.33
     899.583     0.999939       122589     16384.00
     899.583     0.999945       122589     18204.44
     902.143     0.999951       122590     20480.00
     902.143     0.999957       122590     23405.71
     902.655     0.999963       122591     27306.67
     906.239     0.999969       122592     32768.00
     906.239     0.999973       122592     36408.89
     907.263     0.999976       122593     40960.00
     907.263     0.999979       122593     46811.43
     907.263     0.999982       122593     54613.33
     910.847     0.999985       122594     65536.00
     910.847     0.999986       122594     72817.78
     910.847     0.999988       122594     81920.00
     910.847     0.999989       122594     93622.86
     910.847     0.999991       122594    109226.67
     912.895     0.999992       122595    131072.00
     912.895     1.000000       122595          inf
#[Mean    =      296.719, StdDeviation   =      232.415]
#[Max     =      912.384, Total count    =       122595]
#[Buckets =           27, SubBuckets     =         2048]
----------------------------------------------------------
  147758 requests in 1.00m, 25.22MB read
Requests/sec:   2462.51
Transfer/sec:    430.42KB
