Running 1m test @ http://10.15.224.38:8080/v2/
  2 threads and 100 connections
  Thread calibration: mean lat.: 45.065ms, rate sampling interval: 120ms
  Thread calibration: mean lat.: 44.940ms, rate sampling interval: 120ms
  Thread Stats   Avg      Stdev     Max   +/- Stdev
    Latency   715.42ms  684.59ms   2.71s    82.48%
    Req/Sec     1.19k   136.57     1.53k    69.58%
  Latency Distribution (HdrHistogram - Recorded Latency)
 50.000%  529.41ms
 75.000%  839.68ms
 90.000%    1.92s 
 99.000%    2.52s 
 99.900%    2.60s 
 99.990%    2.67s 
 99.999%    2.71s 
100.000%    2.72s 

  Detailed Percentile spectrum:
       Value   Percentile   TotalCount 1/(1-Percentile)

      25.567     0.000000            1         1.00
      79.359     0.100000        11823         1.11
     123.007     0.200000        23622         1.25
     242.303     0.300000        35428         1.43
     409.343     0.400000        47235         1.67
     529.407     0.500000        59123         2.00
     559.103     0.550000        64957         2.22
     621.055     0.600000        70837         2.50
     673.279     0.650000        76772         2.86
     712.703     0.700000        82650         3.33
     839.679     0.750000        88542         4.00
    1124.351     0.775000        91509         4.44
    1253.375     0.800000        94453         5.00
    1398.783     0.825000        97396         5.71
    1663.999     0.850000       100353         6.67
    1797.119     0.875000       103316         8.00
    1859.583     0.887500       104794         8.89
    1918.975     0.900000       106259        10.00
    2016.255     0.912500       107732        11.43
    2099.199     0.925000       109212        13.33
    2193.407     0.937500       110686        16.00
    2232.319     0.943750       111416        17.78
    2269.183     0.950000       112182        20.00
    2303.999     0.956250       112925        22.86
    2336.767     0.962500       113667        26.67
    2375.679     0.968750       114386        32.00
    2396.159     0.971875       114754        35.56
    2416.639     0.975000       115111        40.00
    2437.119     0.978125       115489        45.71
    2459.647     0.981250       115876        53.33
    2480.127     0.984375       116237        64.00
    2488.319     0.985938       116399        71.11
    2500.607     0.987500       116616        80.00
    2510.847     0.989062       116798        91.43
    2521.087     0.990625       116984       106.67
    2529.279     0.992188       117136       128.00
    2535.423     0.992969       117239       142.22
    2539.519     0.993750       117318       160.00
    2547.711     0.994531       117440       182.86
    2551.807     0.995313       117506       213.33
    2559.999     0.996094       117616       256.00
    2564.095     0.996484       117655       284.44
    2568.191     0.996875       117703       320.00
    2572.287     0.997266       117743       365.71
    2576.383     0.997656       117782       426.67
    2582.527     0.998047       117833       512.00
    2584.575     0.998242       117849       568.89
    2588.671     0.998437       117875       640.00
    2592.767     0.998633       117902       731.43
    2596.863     0.998828       117917       853.33
    2603.007     0.999023       117945      1024.00
    2607.103     0.999121       117958      1137.78
    2609.151     0.999219       117964      1280.00
    2613.247     0.999316       117978      1462.86
    2617.343     0.999414       117989      1706.67
    2621.439     0.999512       118002      2048.00
    2623.487     0.999561       118008      2275.56
    2625.535     0.999609       118009      2560.00
    2629.631     0.999658       118017      2925.71
    2633.727     0.999707       118022      3413.33
    2639.871     0.999756       118029      4096.00
    2641.919     0.999780       118032      4551.11
    2641.919     0.999805       118032      5120.00
    2650.111     0.999829       118037      5851.43
    2652.159     0.999854       118040      6826.67
    2656.255     0.999878       118041      8192.00
    2668.543     0.999890       118045      9102.22
    2668.543     0.999902       118045     10240.00
    2668.543     0.999915       118045     11702.86
    2674.687     0.999927       118048     13653.33
    2674.687     0.999939       118048     16384.00
    2676.735     0.999945       118049     18204.44
    2680.831     0.999951       118050     20480.00
    2680.831     0.999957       118050     23405.71
    2682.879     0.999963       118051     27306.67
    2691.071     0.999969       118052     32768.00
    2691.071     0.999973       118052     36408.89
    2693.119     0.999976       118053     40960.00
    2693.119     0.999979       118053     46811.43
    2693.119     0.999982       118053     54613.33
    2707.455     0.999985       118054     65536.00
    2707.455     0.999986       118054     72817.78
    2707.455     0.999988       118054     81920.00
    2707.455     0.999989       118054     93622.86
    2707.455     0.999991       118054    109226.67
    2715.647     0.999992       118055    131072.00
    2715.647     1.000000       118055          inf
#[Mean    =      715.423, StdDeviation   =      684.592]
#[Max     =     2713.600, Total count    =       118055]
#[Buckets =           27, SubBuckets     =         2048]
----------------------------------------------------------
  143292 requests in 1.00m, 24.46MB read
Requests/sec:   2388.10
Transfer/sec:    417.42KB
Running 1m test @ http://10.15.224.38:8080/v2/
  2 threads and 100 connections
  Thread calibration: mean lat.: 140.580ms, rate sampling interval: 485ms
  Thread calibration: mean lat.: 141.662ms, rate sampling interval: 491ms
  Thread Stats   Avg      Stdev     Max   +/- Stdev
    Latency   758.55ms  346.47ms   1.53s    57.19%
    Req/Sec     1.22k    47.53     1.34k    71.92%
  Latency Distribution (HdrHistogram - Recorded Latency)
 50.000%  692.73ms
 75.000%    1.03s 
 90.000%    1.25s 
 99.000%    1.46s 
 99.900%    1.50s 
 99.990%    1.53s 
 99.999%    1.53s 
100.000%    1.54s 

  Detailed Percentile spectrum:
       Value   Percentile   TotalCount 1/(1-Percentile)

     227.711     0.000000            1         1.00
     345.343     0.100000        12172         1.11
     398.591     0.200000        24300         1.25
     494.847     0.300000        36416         1.43
     617.471     0.400000        48606         1.67
     692.735     0.500000        60765         2.00
     749.055     0.550000        66781         2.22
     828.927     0.600000        72864         2.50
     917.503     0.650000        78909         2.86
     970.751     0.700000        84991         3.33
    1026.047     0.750000        91062         4.00
    1070.079     0.775000        94099         4.44
    1124.351     0.800000        97156         5.00
    1170.431     0.825000       100147         5.71
    1202.175     0.850000       103285         6.67
    1228.799     0.875000       106268         8.00
    1241.087     0.887500       107766         8.89
    1253.375     0.900000       109267        10.00
    1275.903     0.912500       110816        11.43
    1303.551     0.925000       112301        13.33
    1367.039     0.937500       113840        16.00
    1382.399     0.943750       114590        17.78
    1393.663     0.950000       115355        20.00
    1403.903     0.956250       116100        22.86
    1413.119     0.962500       116846        26.67
    1423.359     0.968750       117625        32.00
    1427.455     0.971875       117977        35.56
    1432.575     0.975000       118408        40.00
    1436.671     0.978125       118735        45.71
    1441.791     0.981250       119156        53.33
    1446.911     0.984375       119568        64.00
    1448.959     0.985938       119721        71.11
    1451.007     0.987500       119894        80.00
    1454.079     0.989062       120102        91.43
    1457.151     0.990625       120285       106.67
    1461.247     0.992188       120460       128.00
    1463.295     0.992969       120556       142.22
    1466.367     0.993750       120667       160.00
    1469.439     0.994531       120731       182.86
    1472.511     0.995313       120816       213.33
    1477.631     0.996094       120923       256.00
    1479.679     0.996484       120961       284.44
    1482.751     0.996875       121015       320.00
    1485.823     0.997266       121069       365.71
    1487.871     0.997656       121105       426.67
    1490.943     0.998047       121154       512.00
    1491.967     0.998242       121169       568.89
    1495.039     0.998437       121208       640.00
    1496.063     0.998633       121222       731.43
    1498.111     0.998828       121246       853.33
    1500.159     0.999023       121264      1024.00
    1502.207     0.999121       121280      1137.78
    1504.255     0.999219       121291      1280.00
    1506.303     0.999316       121304      1462.86
    1507.327     0.999414       121313      1706.67
    1510.399     0.999512       121323      2048.00
    1511.423     0.999561       121330      2275.56
    1512.447     0.999609       121335      2560.00
    1514.495     0.999658       121342      2925.71
    1515.519     0.999707       121347      3413.33
    1518.591     0.999756       121354      4096.00
    1520.639     0.999780       121357      4551.11
    1521.663     0.999805       121359      5120.00
    1523.711     0.999829       121362      5851.43
    1524.735     0.999854       121365      6826.67
    1526.783     0.999878       121369      8192.00
    1526.783     0.999890       121369      9102.22
    1528.831     0.999902       121371     10240.00
    1529.855     0.999915       121374     11702.86
    1529.855     0.999927       121374     13653.33
    1530.879     0.999939       121377     16384.00
    1530.879     0.999945       121377     18204.44
    1530.879     0.999951       121377     20480.00
    1530.879     0.999957       121377     23405.71
    1531.903     0.999963       121379     27306.67
    1531.903     0.999969       121379     32768.00
    1531.903     0.999973       121379     36408.89
    1532.927     0.999976       121380     40960.00
    1532.927     0.999979       121380     46811.43
    1532.927     0.999982       121380     54613.33
    1534.975     0.999985       121381     65536.00
    1534.975     0.999986       121381     72817.78
    1534.975     0.999988       121381     81920.00
    1534.975     0.999989       121381     93622.86
    1534.975     0.999991       121381    109226.67
    1535.999     0.999992       121382    131072.00
    1535.999     1.000000       121382          inf
#[Mean    =      758.553, StdDeviation   =      346.473]
#[Max     =     1534.976, Total count    =       121382]
#[Buckets =           27, SubBuckets     =         2048]
----------------------------------------------------------
  146116 requests in 1.00m, 24.94MB read
Requests/sec:   2435.40
Transfer/sec:    425.70KB
